[	102	73	72	]
[	101	73	102	]
[	101	74	73	]
[	100	74	101	]
[	100	75	74	]
[	99	75	100	]
[	99	76	75	]
[	98	76	99	]
[	97	76	98	]
[	97	77	76	]
[	96	77	97	]
[	96	78	77	]
[	96	79	78	]
[	95	79	96	]
[	95	80	79	]
[	94	80	95	]
[	94	81	80	]
[	93	81	94	]
[	93	82	81	]
[	92	82	93	]
[	91	82	92	]
[	91	83	82	]
[	90	83	91	]
[	90	84	83	]
[	90	85	84	]
[	89	85	90	]
[	63	65	64	]
[	66	65	63	]
[	67	69	68	]
[	89	86	85	]
[	66	88	65	]
[	87	88	66	]
[	86	88	87	]
[	86	71	88	]
[	71	69	67	]
[	89	71	86	]
[	71	70	69	]
[	71	89	70	]
[	11	12	19	]
[	40	41	31	]
[	10	12	11	]
[	30	40	31	]
[	30	32	40	]
[	19	20	11	]
[	24	26	25	]
[	24	27	26	]
[	24	28	27	]
[	23	28	24	]
[	39	41	40	]
[	39	42	41	]
[	38	42	39	]
[	38	43	42	]
[	38	985	43	]
[	29	32	30	]
[	29	33	32	]
[	28	33	29	]
[	28	34	33	]
[	23	34	28	]
[	37	985	38	]
[	37	44	985	]
[	18	20	19	]
[	17	20	18	]
[	17	21	20	]
[	16	21	17	]
[	16	22	21	]
[	15	22	16	]
[	15	23	22	]
[	1	3	2	]
[	36	44	37	]
[	36	45	44	]
[	35	45	36	]
[	1	4	3	]
[	0	4	1	]
[	0	5	4	]
[	80	5	0	]
[	47	49	48	]
[	47	50	49	]
[	46	50	47	]
[	46	51	50	]
[	45	51	46	]
[	35	51	45	]
[	55	57	56	]
[	55	58	57	]
[	54	58	55	]
[	54	59	58	]
[	80	6	5	]
[	62	6	80	]
[	62	7	6	]
[	62	8	7	]
[	61	8	62	]
[	61	9	8	]
[	60	9	61	]
[	60	10	9	]
[	59	10	60	]
[	59	12	10	]
[	53	59	54	]
[	53	12	59	]
[	52	12	53	]
[	52	13	12	]
[	51	13	52	]
[	51	14	13	]
[	35	14	51	]
[	15	34	23	]
[	15	35	34	]
[	35	15	14	]
[	985	998	988	]
[	985	997	998	]
[	998	990	988	]
[	998	999	990	]
[	990	997	985	]
[	990	999	997	]
[	985	991	994	]
[	985	988	991	]
[	991	990	996	]
[	991	988	990	]
[	990	994	996	]
[	990	985	994	]
[	1097	1099	1100	]
[	1097	1098	1099	]
[	1101	1098	1097	]
[	1101	1102	1098	]
[	1102	1099	1098	]
[	1102	1103	1099	]
[	1103	1100	1099	]
[	1103	1104	1100	]
[	1104	1097	1100	]
[	1104	1101	1097	]
[	1101	1103	1102	]
[	1101	1104	1103	]
[	1113	1115	1116	]
[	1113	1114	1115	]
[	1117	1116	1118	]
[	1117	1113	1116	]
[	1118	1115	1119	]
[	1118	1116	1115	]
[	1119	1114	1120	]
[	1119	1115	1114	]
[	1120	1113	1117	]
[	1120	1114	1113	]
[	1117	1119	1120	]
[	1117	1118	1119	]
[	1081	1083	1084	]
[	1081	1082	1083	]
[	1085	1084	1086	]
[	1085	1081	1084	]
[	1086	1083	1087	]
[	1086	1084	1083	]
[	1087	1082	1088	]
[	1087	1083	1082	]
[	1088	1081	1085	]
[	1088	1082	1081	]
[	1085	1087	1088	]
[	1085	1086	1087	]
[	135	136	138	]
[	135	137	136	]
[	139	137	135	]
[	139	141	137	]
[	141	136	137	]
[	141	140	136	]
[	140	138	136	]
[	140	142	138	]
[	142	135	138	]
[	142	139	135	]
[	139	140	141	]
[	139	142	140	]
[	1273	1275	1276	]
[	1273	1274	1275	]
[	1276	1269	1270	]
[	1276	1275	1269	]
[	1275	1271	1269	]
[	1275	1274	1271	]
[	1276	1272	1273	]
[	1276	1270	1272	]
[	1277	1279	1280	]
[	1277	1278	1279	]
[	1280	1261	1262	]
[	1280	1279	1261	]
[	1279	1263	1261	]
[	1279	1278	1263	]
[	1280	1264	1277	]
[	1280	1262	1264	]
[	1281	1283	1284	]
[	1281	1282	1283	]
[	1284	1253	1254	]
[	1284	1283	1253	]
[	1283	1255	1253	]
[	1283	1282	1255	]
[	1284	1256	1281	]
[	1284	1254	1256	]
[	1285	1287	1288	]
[	1285	1286	1287	]
[	1288	1245	1246	]
[	1288	1287	1245	]
[	1287	1247	1245	]
[	1287	1286	1247	]
[	1288	1248	1285	]
[	1288	1246	1248	]
[	1289	1291	1292	]
[	1289	1290	1291	]
[	1292	1237	1238	]
[	1292	1291	1237	]
[	1291	1239	1237	]
[	1291	1290	1239	]
[	1292	1240	1289	]
[	1292	1238	1240	]
[	1293	1295	1296	]
[	1293	1294	1295	]
[	1296	1229	1230	]
[	1296	1295	1229	]
[	1295	1231	1229	]
[	1295	1294	1231	]
[	1296	1232	1293	]
[	1296	1230	1232	]
[	1297	1299	1300	]
[	1297	1298	1299	]
[	1300	1221	1222	]
[	1300	1299	1221	]
[	1299	1223	1221	]
[	1299	1298	1223	]
[	1300	1224	1297	]
[	1300	1222	1224	]
[	1301	1303	1304	]
[	1301	1302	1303	]
[	1304	1213	1214	]
[	1304	1303	1213	]
[	1303	1215	1213	]
[	1303	1302	1215	]
[	1304	1216	1301	]
[	1304	1214	1216	]
[	1305	1307	1308	]
[	1305	1306	1307	]
[	1308	1205	1206	]
[	1308	1307	1205	]
[	1307	1207	1205	]
[	1307	1306	1207	]
[	1308	1208	1305	]
[	1308	1206	1208	]
[	1309	1311	1312	]
[	1309	1310	1311	]
[	1312	1197	1198	]
[	1312	1311	1197	]
[	1311	1199	1197	]
[	1311	1310	1199	]
[	1312	1200	1309	]
[	1312	1198	1200	]
[	1313	1315	1316	]
[	1313	1314	1315	]
[	1316	1189	1190	]
[	1316	1315	1189	]
[	1315	1191	1189	]
[	1315	1314	1191	]
[	1316	1192	1313	]
[	1316	1190	1192	]
[	1317	1319	1320	]
[	1317	1318	1319	]
[	1320	1181	1182	]
[	1320	1319	1181	]
[	1319	1183	1181	]
[	1319	1318	1183	]
[	1320	1184	1317	]
[	1320	1182	1184	]
[	1321	1323	1324	]
[	1321	1322	1323	]
[	1324	231	234	]
[	1324	1323	231	]
[	1323	237	231	]
[	1323	1322	237	]
[	1324	236	1321	]
[	1324	234	236	]
[	1265	1267	1266	]
[	1265	1268	1267	]
[	1268	1269	1267	]
[	1268	1270	1269	]
[	1267	1271	1266	]
[	1267	1269	1271	]
[	1268	1272	1270	]
[	1268	1265	1272	]
[	1257	1259	1258	]
[	1257	1260	1259	]
[	1260	1261	1259	]
[	1260	1262	1261	]
[	1259	1263	1258	]
[	1259	1261	1263	]
[	1260	1264	1262	]
[	1260	1257	1264	]
[	1249	1251	1250	]
[	1249	1252	1251	]
[	1252	1253	1251	]
[	1252	1254	1253	]
[	1251	1255	1250	]
[	1251	1253	1255	]
[	1252	1256	1254	]
[	1252	1249	1256	]
[	1241	1243	1242	]
[	1241	1244	1243	]
[	1244	1245	1243	]
[	1244	1246	1245	]
[	1243	1247	1242	]
[	1243	1245	1247	]
[	1244	1248	1246	]
[	1244	1241	1248	]
[	1233	1235	1234	]
[	1233	1236	1235	]
[	1236	1237	1235	]
[	1236	1238	1237	]
[	1235	1239	1234	]
[	1235	1237	1239	]
[	1236	1240	1238	]
[	1236	1233	1240	]
[	1225	1227	1226	]
[	1225	1228	1227	]
[	1228	1229	1227	]
[	1228	1230	1229	]
[	1227	1231	1226	]
[	1227	1229	1231	]
[	1228	1232	1230	]
[	1228	1225	1232	]
[	1217	1219	1218	]
[	1217	1220	1219	]
[	1220	1221	1219	]
[	1220	1222	1221	]
[	1219	1223	1218	]
[	1219	1221	1223	]
[	1220	1224	1222	]
[	1220	1217	1224	]
[	1209	1211	1210	]
[	1209	1212	1211	]
[	1212	1213	1211	]
[	1212	1214	1213	]
[	1211	1215	1210	]
[	1211	1213	1215	]
[	1212	1216	1214	]
[	1212	1209	1216	]
[	1201	1203	1202	]
[	1201	1204	1203	]
[	1204	1205	1203	]
[	1204	1206	1205	]
[	1203	1207	1202	]
[	1203	1205	1207	]
[	1204	1208	1206	]
[	1204	1201	1208	]
[	1193	1195	1194	]
[	1193	1196	1195	]
[	1196	1197	1195	]
[	1196	1198	1197	]
[	1195	1199	1194	]
[	1195	1197	1199	]
[	1196	1200	1198	]
[	1196	1193	1200	]
[	1185	1187	1186	]
[	1185	1188	1187	]
[	1188	1189	1187	]
[	1188	1190	1189	]
[	1187	1191	1186	]
[	1187	1189	1191	]
[	1188	1192	1190	]
[	1188	1185	1192	]
[	1177	1179	1178	]
[	1177	1180	1179	]
[	1180	1181	1179	]
[	1180	1182	1181	]
[	1179	1183	1178	]
[	1179	1181	1183	]
[	1180	1184	1182	]
[	1180	1177	1184	]
[	224	228	225	]
[	224	230	228	]
[	230	231	228	]
[	230	234	231	]
[	228	237	225	]
[	228	231	237	]
[	230	236	234	]
[	230	224	236	]
[	1162	1166	1168	]
[	1162	1164	1166	]
[	1168	1170	1171	]
[	1168	1166	1170	]
[	1171	1173	1175	]
[	1171	1170	1173	]
[	1162	1173	1164	]
[	1162	1175	1173	]
[	970	974	976	]
[	970	971	974	]
[	971	979	974	]
[	971	978	979	]
[	978	983	979	]
[	978	982	983	]
[	970	983	982	]
[	970	976	983	]
[	1161	1165	1167	]
[	1161	1163	1165	]
[	1167	1169	1172	]
[	1167	1165	1169	]
[	1172	1174	1176	]
[	1172	1169	1174	]
[	1161	1174	1163	]
[	1161	1176	1174	]
[	969	973	975	]
[	969	972	973	]
[	972	980	973	]
[	972	977	980	]
[	977	984	980	]
[	977	981	984	]
[	969	984	981	]
[	969	975	984	]
[	1146	1149	1152	]
[	1146	1147	1149	]
[	1147	1156	1149	]
[	1147	1153	1156	]
[	1153	1160	1156	]
[	1153	1157	1160	]
[	1157	1152	1160	]
[	1157	1146	1152	]
[	104	197	118	]
[	104	194	197	]
[	118	199	109	]
[	118	197	199	]
[	109	201	122	]
[	109	199	201	]
[	122	194	104	]
[	122	201	194	]
[	1145	1150	1151	]
[	1145	1148	1150	]
[	1148	1155	1150	]
[	1148	1154	1155	]
[	1154	1159	1155	]
[	1154	1158	1159	]
[	1158	1151	1159	]
[	1158	1145	1151	]
[	103	196	119	]
[	103	195	196	]
[	119	198	110	]
[	119	196	198	]
[	110	200	121	]
[	110	198	200	]
[	121	195	103	]
[	121	200	195	]
[	1129	1133	1135	]
[	1129	1131	1133	]
[	1131	1139	1133	]
[	1131	1137	1139	]
[	1137	1144	1139	]
[	1137	1142	1144	]
[	1142	1135	1144	]
[	1142	1129	1135	]
[	106	160	116	]
[	106	158	160	]
[	116	163	111	]
[	116	160	163	]
[	111	164	125	]
[	111	163	164	]
[	125	158	106	]
[	125	164	158	]
[	1130	1134	1136	]
[	1130	1132	1134	]
[	1132	1140	1134	]
[	1132	1138	1140	]
[	1138	1143	1140	]
[	1138	1141	1143	]
[	1141	1136	1143	]
[	1141	1130	1136	]
[	105	161	117	]
[	105	159	161	]
[	117	162	112	]
[	117	161	162	]
[	112	165	126	]
[	112	162	165	]
[	126	159	105	]
[	126	165	159	]
[	1105	1107	1108	]
[	1105	1106	1107	]
[	1109	1106	1105	]
[	1109	1110	1106	]
[	1110	1107	1106	]
[	1110	1111	1107	]
[	1111	1108	1107	]
[	1111	1112	1108	]
[	1109	1111	1110	]
[	1109	1112	1111	]
[	1121	1123	1124	]
[	1121	1122	1123	]
[	1125	1124	1126	]
[	1125	1121	1124	]
[	1126	1123	1127	]
[	1126	1124	1123	]
[	1127	1122	1128	]
[	1127	1123	1122	]
[	1125	1127	1128	]
[	1125	1126	1127	]
[	1089	1091	1092	]
[	1089	1090	1091	]
[	1093	1092	1094	]
[	1093	1089	1092	]
[	1094	1091	1095	]
[	1094	1092	1091	]
[	1095	1090	1096	]
[	1095	1091	1090	]
[	1093	1095	1096	]
[	1093	1094	1095	]
[	127	128	130	]
[	127	129	128	]
[	131	129	127	]
[	131	133	129	]
[	133	128	129	]
[	133	132	128	]
[	132	130	128	]
[	132	134	130	]
[	131	132	133	]
[	131	134	132	]
[	1074	1073	1080	]
[	1074	1067	1073	]
[	1080	1072	1079	]
[	1080	1073	1072	]
[	1079	1071	1078	]
[	1079	1072	1071	]
[	1078	1070	1077	]
[	1078	1071	1070	]
[	1077	1069	1076	]
[	1077	1070	1069	]
[	1076	1068	1075	]
[	1076	1069	1068	]
[	1075	1067	1074	]
[	1075	1068	1067	]
[	1073	1071	1072	]
[	1073	1070	1071	]
[	1073	1069	1070	]
[	1073	1068	1069	]
[	1073	1067	1068	]
[	1080	1075	1074	]
[	1080	1076	1075	]
[	1080	1077	1076	]
[	1080	1078	1077	]
[	1080	1079	1078	]
[	1043	1045	1044	]
[	1043	1046	1045	]
[	1047	1050	1049	]
[	1047	1048	1050	]
[	1051	1046	1043	]
[	1051	1052	1046	]
[	1049	1054	1053	]
[	1049	1050	1054	]
[	1055	1052	1051	]
[	1055	1056	1052	]
[	1053	1058	1057	]
[	1053	1054	1058	]
[	1059	1056	1055	]
[	1059	1060	1056	]
[	1057	1062	1061	]
[	1057	1058	1062	]
[	1063	1060	1059	]
[	1063	1064	1060	]
[	1061	1066	1065	]
[	1061	1062	1066	]
[	1065	1016	1030	]
[	1065	1066	1016	]
[	1029	1064	1063	]
[	1029	1015	1064	]
[	1016	1064	1015	]
[	1016	1066	1064	]
[	1030	1063	1065	]
[	1030	1029	1063	]
[	1064	1062	1060	]
[	1064	1066	1062	]
[	1063	1061	1065	]
[	1063	1059	1061	]
[	1060	1058	1056	]
[	1060	1062	1058	]
[	1059	1057	1061	]
[	1059	1055	1057	]
[	1056	1054	1052	]
[	1056	1058	1054	]
[	1055	1053	1057	]
[	1055	1051	1053	]
[	1052	1050	1046	]
[	1052	1054	1050	]
[	1051	1049	1053	]
[	1051	1043	1049	]
[	1046	1048	1045	]
[	1046	1050	1048	]
[	1043	1047	1049	]
[	1043	1044	1047	]
[	1042	1027	1028	]
[	1042	1041	1027	]
[	1040	1025	1026	]
[	1040	1039	1025	]
[	1038	1028	1024	]
[	1038	1042	1028	]
[	1039	1023	1025	]
[	1039	1037	1023	]
[	1036	1024	1022	]
[	1036	1038	1024	]
[	1037	1021	1023	]
[	1037	1035	1021	]
[	1034	1022	1020	]
[	1034	1036	1022	]
[	1035	1019	1021	]
[	1035	1033	1019	]
[	1032	1020	1018	]
[	1032	1034	1020	]
[	1033	1017	1019	]
[	1033	1031	1017	]
[	1031	1016	1017	]
[	1031	1030	1016	]
[	1029	1018	1015	]
[	1029	1032	1018	]
[	1016	1018	1017	]
[	1016	1015	1018	]
[	1030	1032	1029	]
[	1030	1031	1032	]
[	1018	1019	1017	]
[	1018	1020	1019	]
[	1032	1033	1034	]
[	1032	1031	1033	]
[	1020	1021	1019	]
[	1020	1022	1021	]
[	1034	1035	1036	]
[	1034	1033	1035	]
[	1022	1023	1021	]
[	1022	1024	1023	]
[	1036	1037	1038	]
[	1036	1035	1037	]
[	1024	1025	1023	]
[	1024	1028	1025	]
[	1038	1039	1042	]
[	1038	1037	1039	]
[	1028	1026	1025	]
[	1028	1027	1026	]
[	1042	1040	1041	]
[	1042	1039	1040	]
[	423	403	422	]
[	421	420	440	]
[	440	419	439	]
[	440	420	419	]
[	439	418	438	]
[	439	419	418	]
[	438	417	437	]
[	438	418	417	]
[	437	416	436	]
[	437	417	416	]
[	436	415	435	]
[	436	416	415	]
[	435	414	434	]
[	435	415	414	]
[	434	413	433	]
[	434	414	413	]
[	433	412	432	]
[	433	413	412	]
[	432	411	431	]
[	432	412	411	]
[	431	410	430	]
[	431	411	410	]
[	430	409	429	]
[	430	410	409	]
[	429	408	428	]
[	429	409	408	]
[	428	407	427	]
[	428	408	407	]
[	427	406	426	]
[	427	407	406	]
[	426	405	425	]
[	426	406	405	]
[	425	404	424	]
[	425	405	404	]
[	424	403	423	]
[	424	404	403	]
[	441	423	422	]
[	421	440	458	]
[	458	439	457	]
[	458	440	439	]
[	457	438	456	]
[	457	439	438	]
[	456	437	455	]
[	456	438	437	]
[	455	436	454	]
[	455	437	436	]
[	454	435	453	]
[	454	436	435	]
[	453	434	452	]
[	453	435	434	]
[	452	433	451	]
[	452	434	433	]
[	451	432	450	]
[	451	433	432	]
[	450	431	449	]
[	450	432	431	]
[	449	430	448	]
[	449	431	430	]
[	448	429	447	]
[	448	430	429	]
[	447	428	446	]
[	447	429	428	]
[	446	427	445	]
[	446	428	427	]
[	445	426	444	]
[	445	427	426	]
[	444	425	443	]
[	444	426	425	]
[	443	424	442	]
[	443	425	424	]
[	442	423	441	]
[	442	424	423	]
[	459	441	422	]
[	421	458	476	]
[	476	457	475	]
[	476	458	457	]
[	475	456	474	]
[	475	457	456	]
[	474	455	473	]
[	474	456	455	]
[	473	454	472	]
[	473	455	454	]
[	472	453	471	]
[	472	454	453	]
[	471	452	470	]
[	471	453	452	]
[	470	451	469	]
[	470	452	451	]
[	469	450	468	]
[	469	451	450	]
[	468	449	467	]
[	468	450	449	]
[	467	448	466	]
[	467	449	448	]
[	466	447	465	]
[	466	448	447	]
[	465	446	464	]
[	465	447	446	]
[	464	445	463	]
[	464	446	445	]
[	463	444	462	]
[	463	445	444	]
[	462	443	461	]
[	462	444	443	]
[	461	442	460	]
[	461	443	442	]
[	460	441	459	]
[	460	442	441	]
[	477	459	422	]
[	421	476	494	]
[	494	475	493	]
[	494	476	475	]
[	493	474	492	]
[	493	475	474	]
[	492	473	491	]
[	492	474	473	]
[	491	472	490	]
[	491	473	472	]
[	490	471	489	]
[	490	472	471	]
[	489	470	488	]
[	489	471	470	]
[	488	469	487	]
[	488	470	469	]
[	487	468	486	]
[	487	469	468	]
[	486	467	485	]
[	486	468	467	]
[	485	466	484	]
[	485	467	466	]
[	484	465	483	]
[	484	466	465	]
[	483	464	482	]
[	483	465	464	]
[	482	463	481	]
[	482	464	463	]
[	481	462	480	]
[	481	463	462	]
[	480	461	479	]
[	480	462	461	]
[	479	460	478	]
[	479	461	460	]
[	478	459	477	]
[	478	460	459	]
[	495	477	422	]
[	421	494	512	]
[	512	493	511	]
[	512	494	493	]
[	511	492	510	]
[	511	493	492	]
[	510	491	509	]
[	510	492	491	]
[	509	490	508	]
[	509	491	490	]
[	508	489	507	]
[	508	490	489	]
[	507	488	506	]
[	507	489	488	]
[	506	487	505	]
[	506	488	487	]
[	505	486	504	]
[	505	487	486	]
[	504	485	503	]
[	504	486	485	]
[	503	484	502	]
[	503	485	484	]
[	502	483	501	]
[	502	484	483	]
[	501	482	500	]
[	501	483	482	]
[	500	481	499	]
[	500	482	481	]
[	499	480	498	]
[	499	481	480	]
[	498	479	497	]
[	498	480	479	]
[	497	478	496	]
[	497	479	478	]
[	496	477	495	]
[	496	478	477	]
[	513	495	422	]
[	421	512	530	]
[	530	511	529	]
[	530	512	511	]
[	529	510	528	]
[	529	511	510	]
[	528	509	527	]
[	528	510	509	]
[	527	508	526	]
[	527	509	508	]
[	526	507	525	]
[	526	508	507	]
[	525	506	524	]
[	525	507	506	]
[	524	505	523	]
[	524	506	505	]
[	523	504	522	]
[	523	505	504	]
[	522	503	521	]
[	522	504	503	]
[	521	502	520	]
[	521	503	502	]
[	520	501	519	]
[	520	502	501	]
[	519	500	518	]
[	519	501	500	]
[	518	499	517	]
[	518	500	499	]
[	517	498	516	]
[	517	499	498	]
[	516	497	515	]
[	516	498	497	]
[	515	496	514	]
[	515	497	496	]
[	514	495	513	]
[	514	496	495	]
[	531	513	422	]
[	421	530	548	]
[	548	529	547	]
[	548	530	529	]
[	547	528	546	]
[	547	529	528	]
[	546	527	545	]
[	546	528	527	]
[	545	526	544	]
[	545	527	526	]
[	544	525	543	]
[	544	526	525	]
[	543	524	542	]
[	543	525	524	]
[	542	523	541	]
[	542	524	523	]
[	541	522	540	]
[	541	523	522	]
[	540	521	539	]
[	540	522	521	]
[	539	520	538	]
[	539	521	520	]
[	538	519	537	]
[	538	520	519	]
[	537	518	536	]
[	537	519	518	]
[	536	517	535	]
[	536	518	517	]
[	535	516	534	]
[	535	517	516	]
[	534	515	533	]
[	534	516	515	]
[	533	514	532	]
[	533	515	514	]
[	532	513	531	]
[	532	514	513	]
[	549	531	422	]
[	421	548	566	]
[	566	547	565	]
[	566	548	547	]
[	565	546	564	]
[	565	547	546	]
[	564	545	563	]
[	564	546	545	]
[	563	544	562	]
[	563	545	544	]
[	562	543	561	]
[	562	544	543	]
[	561	542	560	]
[	561	543	542	]
[	560	541	559	]
[	560	542	541	]
[	559	540	558	]
[	559	541	540	]
[	558	539	557	]
[	558	540	539	]
[	557	538	556	]
[	557	539	538	]
[	556	537	555	]
[	556	538	537	]
[	555	536	554	]
[	555	537	536	]
[	554	535	553	]
[	554	536	535	]
[	553	534	552	]
[	553	535	534	]
[	552	533	551	]
[	552	534	533	]
[	551	532	550	]
[	551	533	532	]
[	550	531	549	]
[	550	532	531	]
[	567	549	422	]
[	421	566	584	]
[	584	565	583	]
[	584	566	565	]
[	583	564	582	]
[	583	565	564	]
[	582	563	581	]
[	582	564	563	]
[	581	562	580	]
[	581	563	562	]
[	580	561	579	]
[	580	562	561	]
[	579	560	578	]
[	579	561	560	]
[	578	559	577	]
[	578	560	559	]
[	577	558	576	]
[	577	559	558	]
[	576	557	575	]
[	576	558	557	]
[	575	556	574	]
[	575	557	556	]
[	574	555	573	]
[	574	556	555	]
[	573	554	572	]
[	573	555	554	]
[	572	553	571	]
[	572	554	553	]
[	571	552	570	]
[	571	553	552	]
[	570	551	569	]
[	570	552	551	]
[	569	550	568	]
[	569	551	550	]
[	568	549	567	]
[	568	550	549	]
[	585	567	422	]
[	421	584	602	]
[	602	583	601	]
[	602	584	583	]
[	601	582	600	]
[	601	583	582	]
[	600	581	599	]
[	600	582	581	]
[	599	580	598	]
[	599	581	580	]
[	598	579	597	]
[	598	580	579	]
[	597	578	596	]
[	597	579	578	]
[	596	577	595	]
[	596	578	577	]
[	595	576	594	]
[	595	577	576	]
[	594	575	593	]
[	594	576	575	]
[	593	574	592	]
[	593	575	574	]
[	592	573	591	]
[	592	574	573	]
[	591	572	590	]
[	591	573	572	]
[	590	571	589	]
[	590	572	571	]
[	589	570	588	]
[	589	571	570	]
[	588	569	587	]
[	588	570	569	]
[	587	568	586	]
[	587	569	568	]
[	586	567	585	]
[	586	568	567	]
[	603	585	422	]
[	421	602	620	]
[	620	601	619	]
[	620	602	601	]
[	619	600	618	]
[	619	601	600	]
[	618	599	617	]
[	618	600	599	]
[	617	598	616	]
[	617	599	598	]
[	616	597	615	]
[	616	598	597	]
[	615	596	614	]
[	615	597	596	]
[	614	595	613	]
[	614	596	595	]
[	613	594	612	]
[	613	595	594	]
[	612	593	611	]
[	612	594	593	]
[	611	592	610	]
[	611	593	592	]
[	610	591	609	]
[	610	592	591	]
[	609	590	608	]
[	609	591	590	]
[	608	589	607	]
[	608	590	589	]
[	607	588	606	]
[	607	589	588	]
[	606	587	605	]
[	606	588	587	]
[	605	586	604	]
[	605	587	586	]
[	604	585	603	]
[	604	586	585	]
[	621	603	422	]
[	421	620	638	]
[	638	619	637	]
[	638	620	619	]
[	637	618	636	]
[	637	619	618	]
[	636	617	635	]
[	636	618	617	]
[	635	616	634	]
[	635	617	616	]
[	634	615	633	]
[	634	616	615	]
[	633	614	632	]
[	633	615	614	]
[	632	613	631	]
[	632	614	613	]
[	631	612	630	]
[	631	613	612	]
[	630	611	629	]
[	630	612	611	]
[	629	610	628	]
[	629	611	610	]
[	628	609	627	]
[	628	610	609	]
[	627	608	626	]
[	627	609	608	]
[	626	607	625	]
[	626	608	607	]
[	625	606	624	]
[	625	607	606	]
[	624	605	623	]
[	624	606	605	]
[	623	604	622	]
[	623	605	604	]
[	622	603	621	]
[	622	604	603	]
[	639	621	422	]
[	421	638	656	]
[	656	637	655	]
[	656	638	637	]
[	655	636	654	]
[	655	637	636	]
[	654	635	653	]
[	654	636	635	]
[	653	634	652	]
[	653	635	634	]
[	652	633	651	]
[	652	634	633	]
[	651	632	650	]
[	651	633	632	]
[	650	631	649	]
[	650	632	631	]
[	649	630	648	]
[	649	631	630	]
[	648	629	647	]
[	648	630	629	]
[	647	628	646	]
[	647	629	628	]
[	646	627	645	]
[	646	628	627	]
[	645	626	644	]
[	645	627	626	]
[	644	625	643	]
[	644	626	625	]
[	643	624	642	]
[	643	625	624	]
[	642	623	641	]
[	642	624	623	]
[	641	622	640	]
[	641	623	622	]
[	640	621	639	]
[	640	622	621	]
[	657	639	422	]
[	421	656	674	]
[	674	655	673	]
[	674	656	655	]
[	673	654	672	]
[	673	655	654	]
[	672	653	671	]
[	672	654	653	]
[	671	652	670	]
[	671	653	652	]
[	670	651	669	]
[	670	652	651	]
[	669	650	668	]
[	669	651	650	]
[	668	649	667	]
[	668	650	649	]
[	667	648	666	]
[	667	649	648	]
[	666	647	665	]
[	666	648	647	]
[	665	646	664	]
[	665	647	646	]
[	664	645	663	]
[	664	646	645	]
[	663	644	662	]
[	663	645	644	]
[	662	643	661	]
[	662	644	643	]
[	661	642	660	]
[	661	643	642	]
[	660	641	659	]
[	660	642	641	]
[	659	640	658	]
[	659	641	640	]
[	658	639	657	]
[	658	640	639	]
[	675	657	422	]
[	421	674	692	]
[	692	673	691	]
[	692	674	673	]
[	691	672	690	]
[	691	673	672	]
[	690	671	689	]
[	690	672	671	]
[	689	670	688	]
[	689	671	670	]
[	688	669	687	]
[	688	670	669	]
[	687	668	686	]
[	687	669	668	]
[	686	667	685	]
[	686	668	667	]
[	685	666	684	]
[	685	667	666	]
[	684	665	683	]
[	684	666	665	]
[	683	664	682	]
[	683	665	664	]
[	682	663	681	]
[	682	664	663	]
[	681	662	680	]
[	681	663	662	]
[	680	661	679	]
[	680	662	661	]
[	679	660	678	]
[	679	661	660	]
[	678	659	677	]
[	678	660	659	]
[	677	658	676	]
[	677	659	658	]
[	676	657	675	]
[	676	658	657	]
[	693	675	422	]
[	421	692	710	]
[	710	691	709	]
[	710	692	691	]
[	709	690	708	]
[	709	691	690	]
[	708	689	707	]
[	708	690	689	]
[	707	688	706	]
[	707	689	688	]
[	706	687	705	]
[	706	688	687	]
[	705	686	704	]
[	705	687	686	]
[	704	685	703	]
[	704	686	685	]
[	703	684	702	]
[	703	685	684	]
[	702	683	701	]
[	702	684	683	]
[	701	682	700	]
[	701	683	682	]
[	700	681	699	]
[	700	682	681	]
[	699	680	698	]
[	699	681	680	]
[	698	679	697	]
[	698	680	679	]
[	697	678	696	]
[	697	679	678	]
[	696	677	695	]
[	696	678	677	]
[	695	676	694	]
[	695	677	676	]
[	694	675	693	]
[	694	676	675	]
[	711	693	422	]
[	421	710	728	]
[	728	709	727	]
[	728	710	709	]
[	727	708	726	]
[	727	709	708	]
[	726	707	725	]
[	726	708	707	]
[	725	706	724	]
[	725	707	706	]
[	724	705	723	]
[	724	706	705	]
[	723	704	722	]
[	723	705	704	]
[	722	703	721	]
[	722	704	703	]
[	721	702	720	]
[	721	703	702	]
[	720	701	719	]
[	720	702	701	]
[	719	700	718	]
[	719	701	700	]
[	718	699	717	]
[	718	700	699	]
[	717	698	716	]
[	717	699	698	]
[	716	697	715	]
[	716	698	697	]
[	715	696	714	]
[	715	697	696	]
[	714	695	713	]
[	714	696	695	]
[	713	694	712	]
[	713	695	694	]
[	712	693	711	]
[	712	694	693	]
[	729	711	422	]
[	421	728	746	]
[	746	727	745	]
[	746	728	727	]
[	745	726	744	]
[	745	727	726	]
[	744	725	743	]
[	744	726	725	]
[	743	724	742	]
[	743	725	724	]
[	742	723	741	]
[	742	724	723	]
[	741	722	740	]
[	741	723	722	]
[	740	721	739	]
[	740	722	721	]
[	739	720	738	]
[	739	721	720	]
[	738	719	737	]
[	738	720	719	]
[	737	718	736	]
[	737	719	718	]
[	736	717	735	]
[	736	718	717	]
[	735	716	734	]
[	735	717	716	]
[	734	715	733	]
[	734	716	715	]
[	733	714	732	]
[	733	715	714	]
[	732	713	731	]
[	732	714	713	]
[	731	712	730	]
[	731	713	712	]
[	730	711	729	]
[	730	712	711	]
[	747	729	422	]
[	421	746	764	]
[	764	745	763	]
[	764	746	745	]
[	763	744	762	]
[	763	745	744	]
[	762	743	761	]
[	762	744	743	]
[	761	742	760	]
[	761	743	742	]
[	760	741	759	]
[	760	742	741	]
[	759	740	758	]
[	759	741	740	]
[	758	739	757	]
[	758	740	739	]
[	757	738	756	]
[	757	739	738	]
[	756	737	755	]
[	756	738	737	]
[	755	736	754	]
[	755	737	736	]
[	754	735	753	]
[	754	736	735	]
[	753	734	752	]
[	753	735	734	]
[	752	733	751	]
[	752	734	733	]
[	751	732	750	]
[	751	733	732	]
[	750	731	749	]
[	750	732	731	]
[	749	730	748	]
[	749	731	730	]
[	748	729	747	]
[	748	730	729	]
[	765	747	422	]
[	421	764	782	]
[	782	763	781	]
[	782	764	763	]
[	781	762	780	]
[	781	763	762	]
[	780	761	779	]
[	780	762	761	]
[	779	760	778	]
[	779	761	760	]
[	778	759	777	]
[	778	760	759	]
[	777	758	776	]
[	777	759	758	]
[	776	757	775	]
[	776	758	757	]
[	775	756	774	]
[	775	757	756	]
[	774	755	773	]
[	774	756	755	]
[	773	754	772	]
[	773	755	754	]
[	772	753	771	]
[	772	754	753	]
[	771	752	770	]
[	771	753	752	]
[	770	751	769	]
[	770	752	751	]
[	769	750	768	]
[	769	751	750	]
[	768	749	767	]
[	768	750	749	]
[	767	748	766	]
[	767	749	748	]
[	766	747	765	]
[	766	748	747	]
[	783	765	422	]
[	421	782	800	]
[	800	781	799	]
[	800	782	781	]
[	799	780	798	]
[	799	781	780	]
[	798	779	797	]
[	798	780	779	]
[	797	778	796	]
[	797	779	778	]
[	796	777	795	]
[	796	778	777	]
[	795	776	794	]
[	795	777	776	]
[	794	775	793	]
[	794	776	775	]
[	793	774	792	]
[	793	775	774	]
[	792	773	791	]
[	792	774	773	]
[	791	772	790	]
[	791	773	772	]
[	790	771	789	]
[	790	772	771	]
[	789	770	788	]
[	789	771	770	]
[	788	769	787	]
[	788	770	769	]
[	787	768	786	]
[	787	769	768	]
[	786	767	785	]
[	786	768	767	]
[	785	766	784	]
[	785	767	766	]
[	784	765	783	]
[	784	766	765	]
[	801	783	422	]
[	421	800	818	]
[	818	799	817	]
[	818	800	799	]
[	817	798	816	]
[	817	799	798	]
[	816	797	815	]
[	816	798	797	]
[	815	796	814	]
[	815	797	796	]
[	814	795	813	]
[	814	796	795	]
[	813	794	812	]
[	813	795	794	]
[	812	793	811	]
[	812	794	793	]
[	811	792	810	]
[	811	793	792	]
[	810	791	809	]
[	810	792	791	]
[	809	790	808	]
[	809	791	790	]
[	808	789	807	]
[	808	790	789	]
[	807	788	806	]
[	807	789	788	]
[	806	787	805	]
[	806	788	787	]
[	805	786	804	]
[	805	787	786	]
[	804	785	803	]
[	804	786	785	]
[	803	784	802	]
[	803	785	784	]
[	802	783	801	]
[	802	784	783	]
[	819	801	422	]
[	421	818	836	]
[	836	817	835	]
[	836	818	817	]
[	835	816	834	]
[	835	817	816	]
[	834	815	833	]
[	834	816	815	]
[	833	814	832	]
[	833	815	814	]
[	832	813	831	]
[	832	814	813	]
[	831	812	830	]
[	831	813	812	]
[	830	811	829	]
[	830	812	811	]
[	829	810	828	]
[	829	811	810	]
[	828	809	827	]
[	828	810	809	]
[	827	808	826	]
[	827	809	808	]
[	826	807	825	]
[	826	808	807	]
[	825	806	824	]
[	825	807	806	]
[	824	805	823	]
[	824	806	805	]
[	823	804	822	]
[	823	805	804	]
[	822	803	821	]
[	822	804	803	]
[	821	802	820	]
[	821	803	802	]
[	820	801	819	]
[	820	802	801	]
[	403	819	422	]
[	421	836	420	]
[	420	835	419	]
[	420	836	835	]
[	419	834	418	]
[	419	835	834	]
[	418	833	417	]
[	418	834	833	]
[	417	832	416	]
[	417	833	832	]
[	416	831	415	]
[	416	832	831	]
[	415	830	414	]
[	415	831	830	]
[	414	829	413	]
[	414	830	829	]
[	413	828	412	]
[	413	829	828	]
[	412	827	411	]
[	412	828	827	]
[	411	826	410	]
[	411	827	826	]
[	410	825	409	]
[	410	826	825	]
[	409	824	408	]
[	409	825	824	]
[	408	823	407	]
[	408	824	823	]
[	407	822	406	]
[	407	823	822	]
[	406	821	405	]
[	406	822	821	]
[	405	820	404	]
[	405	821	820	]
[	404	819	403	]
[	404	820	819	]
[	986	1001	987	]
[	986	1000	1001	]
[	1001	989	987	]
[	1001	1002	989	]
[	989	1000	986	]
[	989	1002	1000	]
[	986	992	993	]
[	986	987	992	]
[	992	989	995	]
[	992	987	989	]
[	989	993	995	]
[	989	986	993	]
[	927	929	928	]
[	927	930	929	]
[	928	932	931	]
[	928	929	932	]
[	931	934	933	]
[	931	932	934	]
[	933	936	935	]
[	933	934	936	]
[	935	938	937	]
[	935	936	938	]
[	937	940	939	]
[	937	938	940	]
[	939	942	941	]
[	939	940	942	]
[	941	944	943	]
[	941	942	944	]
[	943	946	945	]
[	943	944	946	]
[	945	948	947	]
[	945	946	948	]
[	947	950	949	]
[	947	948	950	]
[	949	952	951	]
[	949	950	952	]
[	951	954	953	]
[	951	952	954	]
[	953	956	955	]
[	953	954	956	]
[	955	958	957	]
[	955	956	958	]
[	957	960	959	]
[	957	958	960	]
[	959	962	961	]
[	959	960	962	]
[	961	964	963	]
[	961	962	964	]
[	963	966	965	]
[	963	964	966	]
[	965	968	967	]
[	965	966	968	]
[	930	932	929	]
[	930	934	932	]
[	930	936	934	]
[	930	938	936	]
[	930	940	938	]
[	930	942	940	]
[	930	944	942	]
[	930	946	944	]
[	930	948	946	]
[	930	950	948	]
[	930	952	950	]
[	930	954	952	]
[	930	956	954	]
[	930	958	956	]
[	930	960	958	]
[	930	962	960	]
[	930	964	962	]
[	930	966	964	]
[	930	968	966	]
[	927	965	967	]
[	927	963	965	]
[	927	961	963	]
[	927	959	961	]
[	927	957	959	]
[	927	955	957	]
[	927	953	955	]
[	927	951	953	]
[	927	949	951	]
[	927	947	949	]
[	927	945	947	]
[	927	943	945	]
[	927	941	943	]
[	927	939	941	]
[	927	937	939	]
[	927	935	937	]
[	927	933	935	]
[	927	931	933	]
[	927	928	931	]
[	926	904	905	]
[	926	925	904	]
[	925	903	904	]
[	925	924	903	]
[	924	902	903	]
[	924	923	902	]
[	923	901	902	]
[	923	922	901	]
[	922	900	901	]
[	922	921	900	]
[	921	899	900	]
[	921	920	899	]
[	920	898	899	]
[	920	919	898	]
[	919	897	898	]
[	919	918	897	]
[	918	896	897	]
[	918	917	896	]
[	917	895	896	]
[	917	916	895	]
[	916	894	895	]
[	916	915	894	]
[	915	893	894	]
[	915	914	893	]
[	914	892	893	]
[	914	913	892	]
[	913	891	892	]
[	913	912	891	]
[	912	890	891	]
[	912	911	890	]
[	911	889	890	]
[	911	910	889	]
[	910	888	889	]
[	910	909	888	]
[	909	887	888	]
[	909	908	887	]
[	908	886	887	]
[	908	907	886	]
[	907	885	886	]
[	907	906	885	]
[	905	886	885	]
[	905	887	886	]
[	905	888	887	]
[	905	889	888	]
[	905	890	889	]
[	905	891	890	]
[	905	892	891	]
[	905	893	892	]
[	905	894	893	]
[	905	895	894	]
[	905	896	895	]
[	905	897	896	]
[	905	898	897	]
[	905	899	898	]
[	905	900	899	]
[	905	901	900	]
[	905	902	901	]
[	905	903	902	]
[	905	904	903	]
[	926	924	925	]
[	926	923	924	]
[	926	922	923	]
[	926	921	922	]
[	926	920	921	]
[	926	919	920	]
[	926	918	919	]
[	926	917	918	]
[	926	916	917	]
[	926	915	916	]
[	926	914	915	]
[	926	913	914	]
[	926	912	913	]
[	926	911	912	]
[	926	910	911	]
[	926	909	910	]
[	926	908	909	]
[	926	907	908	]
[	926	906	907	]
[	873	875	876	]
[	873	874	875	]
[	877	874	873	]
[	877	878	874	]
[	879	876	875	]
[	879	880	876	]
[	878	875	874	]
[	878	879	875	]
[	877	876	880	]
[	877	873	876	]
[	881	883	884	]
[	881	882	883	]
[	877	884	878	]
[	877	881	884	]
[	879	882	880	]
[	879	883	882	]
[	878	883	879	]
[	878	884	883	]
[	877	882	881	]
[	877	880	882	]
[	869	871	872	]
[	869	870	871	]
[	864	872	862	]
[	864	869	872	]
[	861	870	863	]
[	861	871	870	]
[	862	871	861	]
[	862	872	871	]
[	864	870	869	]
[	864	863	870	]
[	865	868	867	]
[	865	866	868	]
[	864	866	865	]
[	864	862	866	]
[	861	867	868	]
[	861	863	867	]
[	862	868	866	]
[	862	861	868	]
[	864	867	863	]
[	864	865	867	]
[	849	848	860	]
[	849	837	848	]
[	860	847	859	]
[	860	848	847	]
[	859	846	858	]
[	859	847	846	]
[	858	845	857	]
[	858	846	845	]
[	857	844	856	]
[	857	845	844	]
[	856	843	855	]
[	856	844	843	]
[	855	842	854	]
[	855	843	842	]
[	854	841	853	]
[	854	842	841	]
[	853	840	852	]
[	853	841	840	]
[	852	839	851	]
[	852	840	839	]
[	851	838	850	]
[	851	839	838	]
[	850	837	849	]
[	850	838	837	]
[	848	846	847	]
[	848	845	846	]
[	848	844	845	]
[	848	843	844	]
[	848	842	843	]
[	848	841	842	]
[	848	840	841	]
[	848	839	840	]
[	848	838	839	]
[	848	837	838	]
[	860	850	849	]
[	860	851	850	]
[	860	852	851	]
[	860	853	852	]
[	860	854	853	]
[	860	855	854	]
[	860	856	855	]
[	860	857	856	]
[	860	858	857	]
[	860	859	858	]
[	319	321	322	]
[	319	320	321	]
[	320	324	321	]
[	320	323	324	]
[	325	322	326	]
[	325	319	322	]
[	321	326	322	]
[	321	324	326	]
[	320	325	323	]
[	320	319	325	]
[	327	329	330	]
[	327	328	329	]
[	328	332	329	]
[	328	331	332	]
[	333	330	334	]
[	333	327	330	]
[	329	334	330	]
[	329	332	334	]
[	328	333	331	]
[	328	327	333	]
[	335	337	338	]
[	335	336	337	]
[	336	340	337	]
[	336	339	340	]
[	341	338	342	]
[	341	335	338	]
[	337	342	338	]
[	337	340	342	]
[	336	341	339	]
[	336	335	341	]
[	343	345	346	]
[	343	344	345	]
[	344	348	345	]
[	344	347	348	]
[	349	346	350	]
[	349	343	346	]
[	345	350	346	]
[	345	348	350	]
[	344	349	347	]
[	344	343	349	]
[	351	353	354	]
[	351	352	353	]
[	352	356	353	]
[	352	355	356	]
[	357	354	358	]
[	357	351	354	]
[	353	358	354	]
[	353	356	358	]
[	352	357	355	]
[	352	351	357	]
[	359	361	362	]
[	359	360	361	]
[	360	364	361	]
[	360	363	364	]
[	365	362	366	]
[	365	359	362	]
[	361	366	362	]
[	361	364	366	]
[	360	365	363	]
[	360	359	365	]
[	367	369	370	]
[	367	368	369	]
[	368	372	369	]
[	368	371	372	]
[	373	370	374	]
[	373	367	370	]
[	369	374	370	]
[	369	372	374	]
[	368	373	371	]
[	368	367	373	]
[	375	377	378	]
[	375	376	377	]
[	378	324	323	]
[	378	377	324	]
[	325	376	375	]
[	325	326	376	]
[	377	326	324	]
[	377	376	326	]
[	378	325	375	]
[	378	323	325	]
[	379	381	382	]
[	379	380	381	]
[	382	332	331	]
[	382	381	332	]
[	333	380	379	]
[	333	334	380	]
[	381	334	332	]
[	381	380	334	]
[	382	333	379	]
[	382	331	333	]
[	383	385	386	]
[	383	384	385	]
[	386	340	339	]
[	386	385	340	]
[	341	384	383	]
[	341	342	384	]
[	385	342	340	]
[	385	384	342	]
[	386	341	383	]
[	386	339	341	]
[	387	389	390	]
[	387	388	389	]
[	390	348	347	]
[	390	389	348	]
[	349	388	387	]
[	349	350	388	]
[	389	350	348	]
[	389	388	350	]
[	390	349	387	]
[	390	347	349	]
[	391	393	394	]
[	391	392	393	]
[	394	356	355	]
[	394	393	356	]
[	357	392	391	]
[	357	358	392	]
[	393	358	356	]
[	393	392	358	]
[	394	357	391	]
[	394	355	357	]
[	395	397	398	]
[	395	396	397	]
[	398	364	363	]
[	398	397	364	]
[	365	396	395	]
[	365	366	396	]
[	397	366	364	]
[	397	396	366	]
[	398	365	395	]
[	398	363	365	]
[	399	401	402	]
[	399	400	401	]
[	402	372	371	]
[	402	401	372	]
[	373	400	399	]
[	373	374	400	]
[	401	374	372	]
[	401	400	374	]
[	402	373	399	]
[	402	371	373	]
[	287	289	290	]
[	287	288	289	]
[	290	283	284	]
[	290	289	283	]
[	285	288	287	]
[	285	286	288	]
[	289	286	283	]
[	289	288	286	]
[	290	285	287	]
[	290	284	285	]
[	291	293	294	]
[	291	292	293	]
[	294	275	276	]
[	294	293	275	]
[	277	292	291	]
[	277	278	292	]
[	293	278	275	]
[	293	292	278	]
[	294	277	291	]
[	294	276	277	]
[	295	297	298	]
[	295	296	297	]
[	298	267	268	]
[	298	297	267	]
[	269	296	295	]
[	269	270	296	]
[	297	270	267	]
[	297	296	270	]
[	298	269	295	]
[	298	268	269	]
[	299	301	302	]
[	299	300	301	]
[	302	259	260	]
[	302	301	259	]
[	261	300	299	]
[	261	262	300	]
[	301	262	259	]
[	301	300	262	]
[	302	261	299	]
[	302	260	261	]
[	303	305	306	]
[	303	304	305	]
[	306	251	252	]
[	306	305	251	]
[	253	304	303	]
[	253	254	304	]
[	305	254	251	]
[	305	304	254	]
[	306	253	303	]
[	306	252	253	]
[	307	309	310	]
[	307	308	309	]
[	310	243	244	]
[	310	309	243	]
[	245	308	307	]
[	245	246	308	]
[	309	246	243	]
[	309	308	246	]
[	310	245	307	]
[	310	244	245	]
[	311	313	314	]
[	311	312	313	]
[	314	232	233	]
[	314	313	232	]
[	235	312	311	]
[	235	238	312	]
[	313	238	232	]
[	313	312	238	]
[	314	235	311	]
[	314	233	235	]
[	315	317	318	]
[	315	316	317	]
[	318	220	219	]
[	318	317	220	]
[	221	316	315	]
[	221	222	316	]
[	317	222	220	]
[	317	316	222	]
[	318	221	315	]
[	318	219	221	]
[	279	281	280	]
[	279	282	281	]
[	282	283	281	]
[	282	284	283	]
[	285	280	286	]
[	285	279	280	]
[	281	286	280	]
[	281	283	286	]
[	282	285	284	]
[	282	279	285	]
[	271	273	272	]
[	271	274	273	]
[	274	275	273	]
[	274	276	275	]
[	277	272	278	]
[	277	271	272	]
[	273	278	272	]
[	273	275	278	]
[	274	277	276	]
[	274	271	277	]
[	263	265	264	]
[	263	266	265	]
[	266	267	265	]
[	266	268	267	]
[	269	264	270	]
[	269	263	264	]
[	265	270	264	]
[	265	267	270	]
[	266	269	268	]
[	266	263	269	]
[	255	257	256	]
[	255	258	257	]
[	258	259	257	]
[	258	260	259	]
[	261	256	262	]
[	261	255	256	]
[	257	262	256	]
[	257	259	262	]
[	258	261	260	]
[	258	255	261	]
[	247	249	248	]
[	247	250	249	]
[	250	251	249	]
[	250	252	251	]
[	253	248	254	]
[	253	247	248	]
[	249	254	248	]
[	249	251	254	]
[	250	253	252	]
[	250	247	253	]
[	239	241	240	]
[	239	242	241	]
[	242	243	241	]
[	242	244	243	]
[	245	240	246	]
[	245	239	240	]
[	241	246	240	]
[	241	243	246	]
[	242	245	244	]
[	242	239	245	]
[	223	227	226	]
[	223	229	227	]
[	229	232	227	]
[	229	233	232	]
[	235	226	238	]
[	235	223	226	]
[	227	238	226	]
[	227	232	238	]
[	229	235	233	]
[	229	223	235	]
[	215	217	218	]
[	215	216	217	]
[	216	220	217	]
[	216	219	220	]
[	221	218	222	]
[	221	215	218	]
[	217	222	218	]
[	217	220	222	]
[	216	221	219	]
[	216	215	221	]
[	208	186	209	]
[	208	185	186	]
[	170	145	171	]
[	170	146	145	]
[	206	166	149	]
[	206	183	166	]
[	148	184	207	]
[	148	169	184	]
[	207	185	208	]
[	207	184	185	]
[	209	187	210	]
[	209	186	187	]
[	210	183	206	]
[	210	187	183	]
[	167	149	166	]
[	167	143	149	]
[	169	147	168	]
[	169	148	147	]
[	168	146	170	]
[	168	147	146	]
[	171	144	172	]
[	171	145	144	]
[	172	143	167	]
[	172	144	143	]
[	193	177	192	]
[	193	178	177	]
[	152	178	153	]
[	152	177	178	]
[	151	193	192	]
[	151	150	193	]
[	192	152	151	]
[	192	177	152	]
[	150	178	193	]
[	150	153	178	]
[	151	153	150	]
[	151	152	153	]
[	179	181	182	]
[	179	180	181	]
[	202	204	205	]
[	202	203	204	]
[	182	202	179	]
[	182	203	202	]
[	179	205	180	]
[	179	202	205	]
[	180	204	181	]
[	180	205	204	]
[	181	203	182	]
[	181	204	203	]
[	154	156	157	]
[	154	155	156	]
[	189	174	188	]
[	189	173	174	]
[	188	175	190	]
[	188	174	175	]
[	190	176	191	]
[	190	175	176	]
[	191	173	189	]
[	191	176	173	]
[	115	124	107	]
[	115	113	124	]
[	107	154	115	]
[	107	155	154	]
[	115	157	113	]
[	115	154	157	]
[	113	156	124	]
[	113	157	156	]
[	124	155	107	]
[	124	156	155	]
[	108	212	120	]
[	108	211	212	]
[	120	213	114	]
[	120	212	213	]
[	114	214	123	]
[	114	213	214	]
[	123	211	108	]
[	123	214	211	]
[	1011	1010	1009	]
[	1011	1012	1010	]
[	1013	1012	1011	]
[	1013	1014	1012	]
[	1013	1003	1014	]
[	1013	1005	1003	]
[	1014	1010	1012	]
[	1014	1003	1010	]
[	1011	1005	1013	]
[	1011	1009	1005	]
[	1007	1010	1008	]
[	1007	1009	1010	]
[	1006	1008	1004	]
[	1006	1007	1008	]
[	1006	1003	1005	]
[	1006	1004	1003	]
[	1004	1010	1003	]
[	1004	1008	1010	]
[	1007	1005	1009	]
[	1007	1006	1005	]
