[	0	1	2	]
[	1	3	4	]
[	3	5	6	]
[	6	5	7	]
[	8	9	1	]
[	10	11	9	]
[	12	13	11	]
[	14	15	13	]
[	16	17	15	]
[	18	19	17	]
[	18	20	19	]
[	21	22	23	]
[	21	24	25	]
[	26	25	27	]
[	7	28	29	]
[	28	30	31	]
[	32	29	33	]
[	29	31	34	]
[	35	33	36	]
[	33	34	37	]
[	38	36	39	]
[	36	37	40	]
[	41	39	42	]
[	39	40	43	]
[	44	45	46	]
[	45	47	48	]
[	47	49	50	]
[	49	41	51	]
[	52	46	53	]
[	53	46	54	]
[	46	48	55	]
[	55	48	50	]
[	56	53	57	]
[	58	59	57	]
[	22	58	60	]
[	23	60	61	]
[	62	63	61	]
[	27	64	65	]
[	64	66	67	]
[	66	68	69	]
[	68	70	71	]
[	25	72	64	]
[	72	73	66	]
[	73	74	68	]
[	74	75	70	]
[	24	76	72	]
[	76	77	73	]
[	77	78	74	]
[	78	79	75	]
[	23	63	76	]
[	63	62	77	]
[	62	80	78	]
[	78	80	79	]
[	81	27	82	]
[	83	84	62	]
[	60	85	83	]
[	62	84	86	]
[	86	87	88	]
[	89	90	87	]
[	89	91	90	]
[	92	93	91	]
[	93	94	90	]
[	94	95	96	]
[	97	95	94	]
[	98	93	92	]
[	99	97	93	]
[	100	98	101	]
[	102	99	98	]
[	103	100	104	]
[	60	103	105	]
[	58	106	103	]
[	106	107	100	]
[	107	108	102	]
[	58	57	106	]
[	57	109	107	]
[	109	110	108	]
[	53	111	109	]
[	111	112	110	]
[	54	113	111	]
[	113	114	112	]
[	55	115	113	]
[	115	116	114	]
[	50	117	115	]
[	117	118	116	]
[	51	42	117	]
[	42	43	119	]
[	119	120	118	]
[	88	79	80	]
[	121	122	83	]
[	123	121	85	]
[	124	123	105	]
[	125	124	104	]
[	122	126	84	]
[	101	92	127	]
[	84	126	86	]
[	127	92	91	]
[	128	129	130	]
[	129	131	132	]
[	131	133	134	]
[	134	133	135	]
[	136	137	135	]
[	137	136	138	]
[	139	138	140	]
[	141	140	128	]
[	142	143	144	]
[	145	146	147	]
[	148	144	145	]
[	147	149	142	]
[	142	148	150	]
[	5	151	28	]
[	151	152	153	]
[	152	154	155	]
[	153	156	30	]
[	155	157	156	]
[	3	158	151	]
[	158	159	152	]
[	159	160	154	]
[	1	161	158	]
[	161	162	159	]
[	162	163	160	]
[	9	164	161	]
[	164	165	162	]
[	165	166	163	]
[	144	167	164	]
[	167	168	165	]
[	168	169	166	]
[	9	145	144	]
[	9	11	145	]
[	13	146	145	]
[	15	170	146	]
[	146	170	171	]
[	170	172	143	]
[	172	173	174	]
[	173	175	176	]
[	144	143	167	]
[	143	174	168	]
[	174	176	169	]
[	17	139	141	]
[	17	19	137	]
[	19	177	135	]
[	135	177	178	]
[	134	135	178	]
[	134	178	179	]
[	134	179	180	]
[	179	181	182	]
[	141	183	170	]
[	183	130	172	]
[	180	182	175	]
[	132	180	173	]
[	172	130	132	]
[	184	185	186	]
[	187	184	188	]
[	189	187	190	]
[	191	189	192	]
[	193	194	185	]
[	195	196	194	]
[	197	198	196	]
[	199	200	198	]
[	201	202	200	]
[	203	204	202	]
[	203	205	204	]
[	206	207	208	]
[	208	207	209	]
[	210	209	211	]
[	212	191	213	]
[	214	212	215	]
[	215	213	216	]
[	217	215	218	]
[	218	216	219	]
[	220	218	221	]
[	221	219	222	]
[	223	221	224	]
[	224	222	225	]
[	226	224	227	]
[	228	229	230	]
[	231	228	232	]
[	233	231	234	]
[	222	233	235	]
[	232	230	236	]
[	237	232	238	]
[	234	232	237	]
[	235	234	239	]
[	238	236	240	]
[	241	240	242	]
[	242	206	243	]
[	244	243	245	]
[	246	245	247	]
[	248	249	82	]
[	250	248	65	]
[	251	250	67	]
[	252	251	69	]
[	253	210	249	]
[	254	253	248	]
[	255	254	250	]
[	256	255	251	]
[	257	208	210	]
[	258	257	253	]
[	259	258	254	]
[	260	259	255	]
[	245	243	208	]
[	247	245	257	]
[	261	247	258	]
[	260	261	259	]
[	249	211	262	]
[	263	264	246	]
[	265	244	246	]
[	266	263	247	]
[	267	266	247	]
[	268	269	266	]
[	268	270	269	]
[	270	271	272	]
[	273	271	270	]
[	274	275	273	]
[	275	276	271	]
[	271	277	278	]
[	276	279	277	]
[	277	280	281	]
[	279	282	280	]
[	280	283	284	]
[	283	244	265	]
[	285	242	244	]
[	286	285	283	]
[	287	286	280	]
[	285	241	242	]
[	288	241	285	]
[	289	288	286	]
[	290	238	241	]
[	291	290	288	]
[	292	237	238	]
[	293	292	290	]
[	294	239	237	]
[	295	294	292	]
[	296	235	239	]
[	297	296	294	]
[	227	225	235	]
[	298	227	296	]
[	299	300	296	]
[	260	301	247	]
[	302	303	265	]
[	303	304	284	]
[	304	305	281	]
[	305	306	278	]
[	307	302	264	]
[	272	278	306	]
[	266	307	263	]
[	270	272	308	]
[	309	310	311	]
[	312	309	313	]
[	314	312	315	]
[	316	314	317	]
[	316	318	319	]
[	319	318	320	]
[	321	320	322	]
[	323	322	311	]
[	324	325	326	]
[	327	328	329	]
[	330	326	329	]
[	325	331	332	]
[	326	325	332	]
[	333	189	191	]
[	334	333	212	]
[	335	334	336	]
[	337	336	212	]
[	338	339	336	]
[	340	187	189	]
[	341	340	333	]
[	342	341	334	]
[	343	184	187	]
[	344	343	340	]
[	345	344	341	]
[	346	193	184	]
[	347	346	343	]
[	348	347	344	]
[	349	330	193	]
[	350	349	346	]
[	351	350	347	]
[	330	328	193	]
[	328	195	193	]
[	327	197	195	]
[	352	199	197	]
[	353	352	327	]
[	354	352	353	]
[	355	354	324	]
[	356	355	357	]
[	349	324	330	]
[	357	324	349	]
[	358	357	350	]
[	320	201	199	]
[	203	201	320	]
[	359	203	318	]
[	360	359	316	]
[	360	316	317	]
[	361	360	317	]
[	361	317	315	]
[	362	361	363	]
[	311	322	199	]
[	313	311	352	]
[	364	363	355	]
[	363	315	354	]
[	315	313	354	]
[	2	365	0	]
[	4	2	1	]
[	6	4	3	]
[	1	0	8	]
[	9	8	10	]
[	11	10	12	]
[	13	12	14	]
[	15	14	16	]
[	17	16	18	]
[	23	24	21	]
[	25	26	21	]
[	27	81	26	]
[	29	32	7	]
[	31	29	28	]
[	33	35	32	]
[	34	33	29	]
[	36	38	35	]
[	37	36	33	]
[	39	41	38	]
[	40	39	36	]
[	42	51	41	]
[	43	42	39	]
[	46	52	44	]
[	48	46	45	]
[	50	48	47	]
[	51	50	49	]
[	53	56	52	]
[	55	54	46	]
[	57	59	56	]
[	60	23	22	]
[	61	63	23	]
[	65	82	27	]
[	67	65	64	]
[	69	67	66	]
[	71	69	68	]
[	64	27	25	]
[	66	64	72	]
[	68	66	73	]
[	70	68	74	]
[	72	25	24	]
[	73	72	76	]
[	74	73	77	]
[	75	74	78	]
[	76	24	23	]
[	77	76	63	]
[	78	77	62	]
[	82	262	81	]
[	62	61	83	]
[	83	61	60	]
[	88	62	86	]
[	87	86	89	]
[	90	91	93	]
[	94	93	97	]
[	92	101	98	]
[	93	98	99	]
[	101	104	100	]
[	98	100	102	]
[	104	105	103	]
[	105	85	60	]
[	103	60	58	]
[	100	103	106	]
[	102	100	107	]
[	107	106	57	]
[	108	107	109	]
[	109	57	53	]
[	110	109	111	]
[	111	53	54	]
[	112	111	113	]
[	113	54	55	]
[	114	113	115	]
[	115	55	50	]
[	116	115	117	]
[	117	50	51	]
[	119	117	42	]
[	118	117	119	]
[	80	62	88	]
[	83	85	121	]
[	85	105	123	]
[	105	104	124	]
[	104	101	125	]
[	84	83	122	]
[	127	125	101	]
[	130	183	128	]
[	132	130	129	]
[	134	132	131	]
[	138	139	137	]
[	140	141	139	]
[	128	183	141	]
[	144	148	142	]
[	147	150	145	]
[	145	150	148	]
[	150	147	142	]
[	28	7	5	]
[	153	28	151	]
[	155	153	152	]
[	30	28	153	]
[	156	153	155	]
[	151	5	3	]
[	152	151	158	]
[	154	152	159	]
[	158	3	1	]
[	159	158	161	]
[	160	159	162	]
[	161	1	9	]
[	162	161	164	]
[	163	162	165	]
[	164	9	144	]
[	165	164	167	]
[	166	165	168	]
[	145	11	13	]
[	146	13	15	]
[	143	171	170	]
[	174	143	172	]
[	176	174	173	]
[	168	167	143	]
[	169	168	174	]
[	141	15	17	]
[	137	139	17	]
[	135	137	19	]
[	180	132	134	]
[	182	180	179	]
[	170	15	141	]
[	172	170	183	]
[	175	173	180	]
[	173	172	132	]
[	186	188	184	]
[	188	190	187	]
[	190	192	189	]
[	185	184	193	]
[	194	193	195	]
[	196	195	197	]
[	198	197	199	]
[	200	199	201	]
[	202	201	203	]
[	208	243	206	]
[	209	210	208	]
[	211	249	210	]
[	213	215	212	]
[	215	217	214	]
[	216	218	215	]
[	218	220	217	]
[	219	221	218	]
[	221	223	220	]
[	222	224	221	]
[	224	226	223	]
[	225	227	224	]
[	227	298	226	]
[	230	232	228	]
[	232	234	231	]
[	234	235	233	]
[	235	225	222	]
[	236	238	232	]
[	237	239	234	]
[	240	241	238	]
[	243	244	242	]
[	245	246	244	]
[	82	65	248	]
[	65	67	250	]
[	67	69	251	]
[	69	71	252	]
[	249	248	253	]
[	248	250	254	]
[	250	251	255	]
[	251	252	256	]
[	210	253	257	]
[	253	254	258	]
[	254	255	259	]
[	255	256	260	]
[	208	257	245	]
[	257	258	247	]
[	258	259	261	]
[	262	82	249	]
[	246	247	263	]
[	246	264	265	]
[	247	301	267	]
[	266	267	268	]
[	270	268	273	]
[	271	273	275	]
[	278	272	271	]
[	277	271	276	]
[	281	278	277	]
[	280	277	279	]
[	284	281	280	]
[	265	284	283	]
[	244	283	285	]
[	283	280	286	]
[	280	282	287	]
[	285	286	288	]
[	286	287	289	]
[	241	288	290	]
[	288	289	291	]
[	238	290	292	]
[	290	291	293	]
[	237	292	294	]
[	292	293	295	]
[	239	294	296	]
[	294	295	297	]
[	235	296	227	]
[	296	300	298	]
[	296	297	299	]
[	247	261	260	]
[	265	264	302	]
[	284	265	303	]
[	281	284	304	]
[	278	281	305	]
[	264	263	307	]
[	306	308	272	]
[	311	313	309	]
[	313	315	312	]
[	315	317	314	]
[	320	321	319	]
[	322	323	321	]
[	311	310	323	]
[	326	330	324	]
[	329	332	327	]
[	329	328	330	]
[	332	329	326	]
[	191	212	333	]
[	212	336	334	]
[	336	339	335	]
[	212	214	337	]
[	336	337	338	]
[	189	333	340	]
[	333	334	341	]
[	334	335	342	]
[	187	340	343	]
[	340	341	344	]
[	341	342	345	]
[	184	343	346	]
[	343	344	347	]
[	344	345	348	]
[	193	346	349	]
[	346	347	350	]
[	347	348	351	]
[	195	328	327	]
[	197	327	352	]
[	353	324	354	]
[	324	357	355	]
[	357	358	356	]
[	349	350	357	]
[	350	351	358	]
[	199	322	320	]
[	320	318	203	]
[	318	316	359	]
[	315	363	361	]
[	363	364	362	]
[	199	352	311	]
[	352	354	313	]
[	355	356	364	]
[	354	355	363	]
[	366	367	368	]
[	368	367	369	]
[	367	366	370	]
[	366	371	372	]
[	371	373	374	]
[	373	375	376	]
[	375	377	378	]
[	377	379	380	]
[	379	381	382	]
[	381	383	384	]
[	383	385	386	]
[	387	388	389	]
[	389	388	390	]
[	388	387	391	]
[	387	392	393	]
[	392	394	395	]
[	394	396	397	]
[	396	398	399	]
[	398	400	401	]
[	400	402	403	]
[	402	404	405	]
[	404	406	407	]
[	407	406	408	]
[	389	409	408	]
[	410	411	412	]
[	368	412	413	]
[	385	413	409	]
[	414	415	416	]
[	417	418	419	]
[	420	417	421	]
[	422	420	423	]
[	424	422	425	]
[	426	424	427	]
[	428	426	429	]
[	430	428	431	]
[	414	430	432	]
[	415	414	433	]
[	416	415	434	]
[	435	436	437	]
[	438	439	440	]
[	441	438	442	]
[	443	441	444	]
[	445	443	446	]
[	447	445	448	]
[	449	447	450	]
[	451	449	452	]
[	435	451	453	]
[	436	435	454	]
[	437	436	455	]
[	456	457	458	]
[	409	439	437	]
[	459	419	418	]
[	412	418	416	]
[	460	440	439	]
[	368	385	383	]
[	368	383	381	]
[	368	381	379	]
[	368	379	377	]
[	368	377	375	]
[	368	375	373	]
[	368	373	371	]
[	368	371	366	]
[	369	461	368	]
[	370	369	367	]
[	372	370	366	]
[	374	372	371	]
[	376	374	373	]
[	378	376	375	]
[	380	378	377	]
[	382	380	379	]
[	384	382	381	]
[	386	384	383	]
[	389	406	404	]
[	389	404	402	]
[	389	402	400	]
[	389	400	398	]
[	389	398	396	]
[	389	396	394	]
[	389	394	392	]
[	389	392	387	]
[	390	462	389	]
[	391	390	388	]
[	393	391	387	]
[	395	393	392	]
[	397	395	394	]
[	399	397	396	]
[	401	399	398	]
[	403	401	400	]
[	405	403	402	]
[	407	405	404	]
[	408	458	463	]
[	408	463	464	]
[	408	464	465	]
[	408	465	466	]
[	408	466	467	]
[	408	467	468	]
[	408	468	469	]
[	408	469	407	]
[	408	406	389	]
[	412	368	461	]
[	412	461	470	]
[	412	470	471	]
[	412	471	472	]
[	412	472	473	]
[	412	473	410	]
[	413	385	368	]
[	409	389	462	]
[	409	462	474	]
[	409	474	475	]
[	409	475	476	]
[	409	476	477	]
[	409	477	478	]
[	409	478	479	]
[	409	479	480	]
[	409	480	481	]
[	409	481	386	]
[	409	386	385	]
[	416	418	417	]
[	416	417	420	]
[	416	420	422	]
[	416	422	424	]
[	416	424	426	]
[	416	426	428	]
[	416	428	430	]
[	416	430	414	]
[	419	421	417	]
[	421	423	420	]
[	423	425	422	]
[	425	427	424	]
[	427	429	426	]
[	429	431	428	]
[	431	432	430	]
[	432	433	414	]
[	433	434	415	]
[	434	482	416	]
[	437	439	438	]
[	437	438	441	]
[	437	441	443	]
[	437	443	445	]
[	437	445	447	]
[	437	447	449	]
[	437	449	451	]
[	437	451	435	]
[	440	442	438	]
[	442	444	441	]
[	444	446	443	]
[	446	448	445	]
[	448	450	447	]
[	450	452	449	]
[	452	453	451	]
[	453	454	435	]
[	454	455	436	]
[	455	483	437	]
[	458	408	437	]
[	458	437	483	]
[	458	483	484	]
[	458	484	485	]
[	458	485	486	]
[	458	486	487	]
[	458	487	488	]
[	458	488	456	]
[	437	408	409	]
[	418	412	411	]
[	418	411	489	]
[	418	489	490	]
[	418	490	491	]
[	418	491	492	]
[	418	492	459	]
[	416	413	412	]
[	439	409	413	]
[	439	413	416	]
[	439	416	482	]
[	439	482	493	]
[	439	493	494	]
[	439	494	495	]
[	439	495	496	]
[	439	496	497	]
[	439	497	498	]
[	439	498	499	]
[	439	499	460	]
[	500	501	502	]
[	503	501	500	]
[	504	503	505	]
[	506	504	507	]
[	508	506	509	]
[	501	510	502	]
[	511	510	501	]
[	512	511	503	]
[	513	512	504	]
[	514	513	506	]
[	510	515	502	]
[	516	515	510	]
[	517	516	511	]
[	518	517	512	]
[	519	518	513	]
[	515	520	502	]
[	521	520	515	]
[	522	521	516	]
[	523	522	517	]
[	524	523	518	]
[	520	525	502	]
[	526	525	520	]
[	527	526	521	]
[	528	527	522	]
[	529	528	523	]
[	525	530	502	]
[	531	530	525	]
[	532	531	526	]
[	533	532	527	]
[	534	533	528	]
[	530	535	502	]
[	536	535	530	]
[	537	536	531	]
[	538	537	532	]
[	539	538	533	]
[	535	540	502	]
[	541	540	535	]
[	542	541	536	]
[	543	542	537	]
[	544	543	538	]
[	540	545	502	]
[	546	545	540	]
[	547	546	541	]
[	548	547	542	]
[	549	548	543	]
[	545	550	502	]
[	551	550	545	]
[	552	551	546	]
[	553	552	547	]
[	554	553	548	]
[	550	555	502	]
[	556	555	550	]
[	557	556	551	]
[	558	557	552	]
[	559	558	553	]
[	555	560	502	]
[	561	560	555	]
[	562	561	556	]
[	563	562	557	]
[	564	563	558	]
[	560	565	502	]
[	566	565	560	]
[	567	566	561	]
[	568	567	562	]
[	569	568	563	]
[	565	570	502	]
[	571	570	565	]
[	572	571	566	]
[	573	572	567	]
[	574	573	568	]
[	570	575	502	]
[	576	575	570	]
[	577	576	571	]
[	578	577	572	]
[	579	578	573	]
[	575	580	502	]
[	581	580	575	]
[	582	581	576	]
[	583	582	577	]
[	584	583	578	]
[	580	585	502	]
[	586	585	580	]
[	587	586	581	]
[	588	587	582	]
[	589	588	583	]
[	585	590	502	]
[	591	590	585	]
[	592	591	586	]
[	593	592	587	]
[	594	593	588	]
[	590	595	502	]
[	596	595	590	]
[	597	596	591	]
[	598	597	592	]
[	599	598	593	]
[	595	500	502	]
[	505	500	595	]
[	507	505	596	]
[	509	507	597	]
[	600	509	598	]
[	601	602	603	]
[	602	604	605	]
[	604	606	607	]
[	606	608	609	]
[	608	610	611	]
[	601	612	602	]
[	612	613	604	]
[	613	614	606	]
[	614	615	608	]
[	615	616	610	]
[	601	617	612	]
[	617	618	613	]
[	618	619	614	]
[	619	620	615	]
[	620	621	616	]
[	601	622	617	]
[	622	623	618	]
[	623	624	619	]
[	624	625	620	]
[	625	626	621	]
[	601	627	622	]
[	627	628	623	]
[	628	629	624	]
[	629	630	625	]
[	630	631	626	]
[	601	632	627	]
[	632	633	628	]
[	633	634	629	]
[	634	635	630	]
[	635	636	631	]
[	601	637	632	]
[	637	638	633	]
[	638	639	634	]
[	639	640	635	]
[	640	641	636	]
[	601	642	637	]
[	642	643	638	]
[	643	644	639	]
[	644	645	640	]
[	645	646	641	]
[	601	647	642	]
[	647	648	643	]
[	648	649	644	]
[	649	650	645	]
[	650	651	646	]
[	601	652	647	]
[	652	653	648	]
[	653	654	649	]
[	654	655	650	]
[	655	656	651	]
[	601	657	652	]
[	657	658	653	]
[	658	659	654	]
[	659	660	655	]
[	660	661	656	]
[	601	662	657	]
[	662	663	658	]
[	663	664	659	]
[	664	665	660	]
[	665	666	661	]
[	601	667	662	]
[	667	668	663	]
[	668	669	664	]
[	669	670	665	]
[	670	671	666	]
[	601	672	667	]
[	672	673	668	]
[	673	674	669	]
[	674	675	670	]
[	675	676	671	]
[	601	677	672	]
[	677	678	673	]
[	678	679	674	]
[	679	680	675	]
[	680	681	676	]
[	601	682	677	]
[	682	683	678	]
[	683	684	679	]
[	684	685	680	]
[	685	686	681	]
[	601	687	682	]
[	687	688	683	]
[	688	689	684	]
[	689	690	685	]
[	690	691	686	]
[	601	692	687	]
[	692	693	688	]
[	693	694	689	]
[	694	695	690	]
[	695	696	691	]
[	601	697	692	]
[	697	698	693	]
[	698	699	694	]
[	699	700	695	]
[	700	701	696	]
[	601	603	697	]
[	603	605	698	]
[	605	607	699	]
[	607	609	700	]
[	609	611	701	]
[	500	505	503	]
[	505	507	504	]
[	507	509	506	]
[	509	600	508	]
[	501	503	511	]
[	503	504	512	]
[	504	506	513	]
[	506	508	514	]
[	510	511	516	]
[	511	512	517	]
[	512	513	518	]
[	513	514	519	]
[	515	516	521	]
[	516	517	522	]
[	517	518	523	]
[	518	519	524	]
[	520	521	526	]
[	521	522	527	]
[	522	523	528	]
[	523	524	529	]
[	525	526	531	]
[	526	527	532	]
[	527	528	533	]
[	528	529	534	]
[	530	531	536	]
[	531	532	537	]
[	532	533	538	]
[	533	534	539	]
[	535	536	541	]
[	536	537	542	]
[	537	538	543	]
[	538	539	544	]
[	540	541	546	]
[	541	542	547	]
[	542	543	548	]
[	543	544	549	]
[	545	546	551	]
[	546	547	552	]
[	547	548	553	]
[	548	549	554	]
[	550	551	556	]
[	551	552	557	]
[	552	553	558	]
[	553	554	559	]
[	555	556	561	]
[	556	557	562	]
[	557	558	563	]
[	558	559	564	]
[	560	561	566	]
[	561	562	567	]
[	562	563	568	]
[	563	564	569	]
[	565	566	571	]
[	566	567	572	]
[	567	568	573	]
[	568	569	574	]
[	570	571	576	]
[	571	572	577	]
[	572	573	578	]
[	573	574	579	]
[	575	576	581	]
[	576	577	582	]
[	577	578	583	]
[	578	579	584	]
[	580	581	586	]
[	581	582	587	]
[	582	583	588	]
[	583	584	589	]
[	585	586	591	]
[	586	587	592	]
[	587	588	593	]
[	588	589	594	]
[	590	591	596	]
[	591	592	597	]
[	592	593	598	]
[	593	594	599	]
[	595	596	505	]
[	596	597	507	]
[	597	598	509	]
[	598	599	600	]
[	605	603	602	]
[	607	605	604	]
[	609	607	606	]
[	611	609	608	]
[	604	602	612	]
[	606	604	613	]
[	608	606	614	]
[	610	608	615	]
[	613	612	617	]
[	614	613	618	]
[	615	614	619	]
[	616	615	620	]
[	618	617	622	]
[	619	618	623	]
[	620	619	624	]
[	621	620	625	]
[	623	622	627	]
[	624	623	628	]
[	625	624	629	]
[	626	625	630	]
[	628	627	632	]
[	629	628	633	]
[	630	629	634	]
[	631	630	635	]
[	633	632	637	]
[	634	633	638	]
[	635	634	639	]
[	636	635	640	]
[	638	637	642	]
[	639	638	643	]
[	640	639	644	]
[	641	640	645	]
[	643	642	647	]
[	644	643	648	]
[	645	644	649	]
[	646	645	650	]
[	648	647	652	]
[	649	648	653	]
[	650	649	654	]
[	651	650	655	]
[	653	652	657	]
[	654	653	658	]
[	655	654	659	]
[	656	655	660	]
[	658	657	662	]
[	659	658	663	]
[	660	659	664	]
[	661	660	665	]
[	663	662	667	]
[	664	663	668	]
[	665	664	669	]
[	666	665	670	]
[	668	667	672	]
[	669	668	673	]
[	670	669	674	]
[	671	670	675	]
[	673	672	677	]
[	674	673	678	]
[	675	674	679	]
[	676	675	680	]
[	678	677	682	]
[	679	678	683	]
[	680	679	684	]
[	681	680	685	]
[	683	682	687	]
[	684	683	688	]
[	685	684	689	]
[	686	685	690	]
[	688	687	692	]
[	689	688	693	]
[	690	689	694	]
[	691	690	695	]
[	693	692	697	]
[	694	693	698	]
[	695	694	699	]
[	696	695	700	]
[	698	697	603	]
[	699	698	605	]
[	700	699	607	]
[	701	700	609	]
[	702	703	704	]
[	705	702	706	]
[	707	705	708	]
[	709	707	710	]
[	711	709	712	]
[	713	711	714	]
[	715	716	703	]
[	717	715	702	]
[	718	717	705	]
[	719	718	707	]
[	720	719	709	]
[	713	720	711	]
[	721	722	716	]
[	723	721	715	]
[	724	723	717	]
[	725	724	718	]
[	726	725	719	]
[	713	726	720	]
[	727	728	722	]
[	729	727	721	]
[	730	729	723	]
[	731	730	724	]
[	732	731	725	]
[	713	732	726	]
[	733	734	728	]
[	735	733	727	]
[	736	735	729	]
[	737	736	730	]
[	738	737	731	]
[	713	738	732	]
[	739	740	734	]
[	741	739	733	]
[	742	741	735	]
[	743	742	736	]
[	744	743	737	]
[	713	744	738	]
[	745	746	740	]
[	747	745	739	]
[	748	747	741	]
[	749	748	742	]
[	750	749	743	]
[	713	750	744	]
[	751	752	746	]
[	753	751	745	]
[	754	753	747	]
[	755	754	748	]
[	756	755	749	]
[	713	756	750	]
[	757	758	752	]
[	759	757	751	]
[	760	759	753	]
[	761	760	754	]
[	762	761	755	]
[	713	762	756	]
[	763	764	758	]
[	765	763	757	]
[	766	765	759	]
[	767	766	760	]
[	768	767	761	]
[	713	768	762	]
[	769	770	764	]
[	771	769	763	]
[	772	771	765	]
[	773	772	766	]
[	774	773	767	]
[	713	774	768	]
[	775	776	770	]
[	777	775	769	]
[	778	777	771	]
[	779	778	772	]
[	780	779	773	]
[	713	780	774	]
[	781	782	776	]
[	783	781	775	]
[	784	783	777	]
[	785	784	778	]
[	786	785	779	]
[	713	786	780	]
[	787	788	782	]
[	789	787	781	]
[	790	789	783	]
[	791	790	784	]
[	792	791	785	]
[	713	792	786	]
[	793	794	788	]
[	795	793	787	]
[	796	795	789	]
[	797	796	790	]
[	798	797	791	]
[	713	798	792	]
[	799	800	794	]
[	801	799	793	]
[	802	801	795	]
[	803	802	796	]
[	804	803	797	]
[	713	804	798	]
[	805	806	800	]
[	807	805	799	]
[	808	807	801	]
[	809	808	802	]
[	810	809	803	]
[	713	810	804	]
[	811	812	806	]
[	813	811	805	]
[	814	813	807	]
[	815	814	808	]
[	816	815	809	]
[	713	816	810	]
[	817	818	812	]
[	819	817	811	]
[	820	819	813	]
[	821	820	814	]
[	822	821	815	]
[	713	822	816	]
[	706	704	818	]
[	708	706	817	]
[	710	708	819	]
[	712	710	820	]
[	714	712	821	]
[	713	714	822	]
[	823	824	825	]
[	824	826	827	]
[	826	828	829	]
[	828	830	831	]
[	830	832	833	]
[	833	832	834	]
[	835	836	824	]
[	836	837	826	]
[	837	838	828	]
[	838	839	830	]
[	839	840	832	]
[	832	840	834	]
[	841	842	836	]
[	842	843	837	]
[	843	844	838	]
[	844	845	839	]
[	845	846	840	]
[	840	846	834	]
[	847	848	842	]
[	848	849	843	]
[	849	850	844	]
[	850	851	845	]
[	851	852	846	]
[	846	852	834	]
[	853	854	848	]
[	854	855	849	]
[	855	856	850	]
[	856	857	851	]
[	857	858	852	]
[	852	858	834	]
[	859	860	854	]
[	860	861	855	]
[	861	862	856	]
[	862	863	857	]
[	863	864	858	]
[	858	864	834	]
[	865	866	860	]
[	866	867	861	]
[	867	868	862	]
[	868	869	863	]
[	869	870	864	]
[	864	870	834	]
[	871	872	866	]
[	872	873	867	]
[	873	874	868	]
[	874	875	869	]
[	875	876	870	]
[	870	876	834	]
[	877	878	872	]
[	878	879	873	]
[	879	880	874	]
[	880	881	875	]
[	881	882	876	]
[	876	882	834	]
[	883	884	878	]
[	884	885	879	]
[	885	886	880	]
[	886	887	881	]
[	887	888	882	]
[	882	888	834	]
[	889	890	884	]
[	890	891	885	]
[	891	892	886	]
[	892	893	887	]
[	893	894	888	]
[	888	894	834	]
[	895	896	890	]
[	896	897	891	]
[	897	898	892	]
[	898	899	893	]
[	899	900	894	]
[	894	900	834	]
[	901	902	896	]
[	902	903	897	]
[	903	904	898	]
[	904	905	899	]
[	905	906	900	]
[	900	906	834	]
[	907	908	902	]
[	908	909	903	]
[	909	910	904	]
[	910	911	905	]
[	911	912	906	]
[	906	912	834	]
[	913	914	908	]
[	914	915	909	]
[	915	916	910	]
[	916	917	911	]
[	917	918	912	]
[	912	918	834	]
[	919	920	914	]
[	920	921	915	]
[	921	922	916	]
[	922	923	917	]
[	923	924	918	]
[	918	924	834	]
[	925	926	920	]
[	926	927	921	]
[	927	928	922	]
[	928	929	923	]
[	929	930	924	]
[	924	930	834	]
[	931	932	926	]
[	932	933	927	]
[	933	934	928	]
[	934	935	929	]
[	935	936	930	]
[	930	936	834	]
[	937	938	932	]
[	938	939	933	]
[	939	940	934	]
[	940	941	935	]
[	941	942	936	]
[	936	942	834	]
[	943	825	938	]
[	825	827	939	]
[	827	829	940	]
[	829	831	941	]
[	831	833	942	]
[	942	833	834	]
[	704	706	702	]
[	706	708	705	]
[	708	710	707	]
[	710	712	709	]
[	712	714	711	]
[	703	702	715	]
[	702	705	717	]
[	705	707	718	]
[	707	709	719	]
[	709	711	720	]
[	716	715	721	]
[	715	717	723	]
[	717	718	724	]
[	718	719	725	]
[	719	720	726	]
[	722	721	727	]
[	721	723	729	]
[	723	724	730	]
[	724	725	731	]
[	725	726	732	]
[	728	727	733	]
[	727	729	735	]
[	729	730	736	]
[	730	731	737	]
[	731	732	738	]
[	734	733	739	]
[	733	735	741	]
[	735	736	742	]
[	736	737	743	]
[	737	738	744	]
[	740	739	745	]
[	739	741	747	]
[	741	742	748	]
[	742	743	749	]
[	743	744	750	]
[	746	745	751	]
[	745	747	753	]
[	747	748	754	]
[	748	749	755	]
[	749	750	756	]
[	752	751	757	]
[	751	753	759	]
[	753	754	760	]
[	754	755	761	]
[	755	756	762	]
[	758	757	763	]
[	757	759	765	]
[	759	760	766	]
[	760	761	767	]
[	761	762	768	]
[	764	763	769	]
[	763	765	771	]
[	765	766	772	]
[	766	767	773	]
[	767	768	774	]
[	770	769	775	]
[	769	771	777	]
[	771	772	778	]
[	772	773	779	]
[	773	774	780	]
[	776	775	781	]
[	775	777	783	]
[	777	778	784	]
[	778	779	785	]
[	779	780	786	]
[	782	781	787	]
[	781	783	789	]
[	783	784	790	]
[	784	785	791	]
[	785	786	792	]
[	788	787	793	]
[	787	789	795	]
[	789	790	796	]
[	790	791	797	]
[	791	792	798	]
[	794	793	799	]
[	793	795	801	]
[	795	796	802	]
[	796	797	803	]
[	797	798	804	]
[	800	799	805	]
[	799	801	807	]
[	801	802	808	]
[	802	803	809	]
[	803	804	810	]
[	806	805	811	]
[	805	807	813	]
[	807	808	814	]
[	808	809	815	]
[	809	810	816	]
[	812	811	817	]
[	811	813	819	]
[	813	814	820	]
[	814	815	821	]
[	815	816	822	]
[	818	817	706	]
[	817	819	708	]
[	819	820	710	]
[	820	821	712	]
[	821	822	714	]
[	825	943	823	]
[	827	825	824	]
[	829	827	826	]
[	831	829	828	]
[	833	831	830	]
[	824	823	835	]
[	826	824	836	]
[	828	826	837	]
[	830	828	838	]
[	832	830	839	]
[	836	835	841	]
[	837	836	842	]
[	838	837	843	]
[	839	838	844	]
[	840	839	845	]
[	842	841	847	]
[	843	842	848	]
[	844	843	849	]
[	845	844	850	]
[	846	845	851	]
[	848	847	853	]
[	849	848	854	]
[	850	849	855	]
[	851	850	856	]
[	852	851	857	]
[	854	853	859	]
[	855	854	860	]
[	856	855	861	]
[	857	856	862	]
[	858	857	863	]
[	860	859	865	]
[	861	860	866	]
[	862	861	867	]
[	863	862	868	]
[	864	863	869	]
[	866	865	871	]
[	867	866	872	]
[	868	867	873	]
[	869	868	874	]
[	870	869	875	]
[	872	871	877	]
[	873	872	878	]
[	874	873	879	]
[	875	874	880	]
[	876	875	881	]
[	878	877	883	]
[	879	878	884	]
[	880	879	885	]
[	881	880	886	]
[	882	881	887	]
[	884	883	889	]
[	885	884	890	]
[	886	885	891	]
[	887	886	892	]
[	888	887	893	]
[	890	889	895	]
[	891	890	896	]
[	892	891	897	]
[	893	892	898	]
[	894	893	899	]
[	896	895	901	]
[	897	896	902	]
[	898	897	903	]
[	899	898	904	]
[	900	899	905	]
[	902	901	907	]
[	903	902	908	]
[	904	903	909	]
[	905	904	910	]
[	906	905	911	]
[	908	907	913	]
[	909	908	914	]
[	910	909	915	]
[	911	910	916	]
[	912	911	917	]
[	914	913	919	]
[	915	914	920	]
[	916	915	921	]
[	917	916	922	]
[	918	917	923	]
[	920	919	925	]
[	921	920	926	]
[	922	921	927	]
[	923	922	928	]
[	924	923	929	]
[	926	925	931	]
[	927	926	932	]
[	928	927	933	]
[	929	928	934	]
[	930	929	935	]
[	932	931	937	]
[	933	932	938	]
[	934	933	939	]
[	935	934	940	]
[	936	935	941	]
[	938	937	943	]
[	939	938	825	]
[	940	939	827	]
[	941	940	829	]
[	942	941	831	]
[	944	945	946	]
[	947	948	949	]
[	948	950	951	]
[	950	952	953	]
[	947	954	948	]
[	955	956	948	]
[	957	958	956	]
[	956	959	950	]
[	959	960	952	]
[	958	961	959	]
[	961	962	960	]
[	963	964	958	]
[	964	965	961	]
[	965	966	962	]
[	967	968	964	]
[	968	969	965	]
[	969	970	966	]
[	971	972	968	]
[	968	972	969	]
[	972	973	970	]
[	974	973	972	]
[	975	976	977	]
[	977	976	978	]
[	979	980	976	]
[	980	981	978	]
[	982	983	980	]
[	983	984	981	]
[	985	945	983	]
[	985	946	945	]
[	944	986	987	]
[	945	987	984	]
[	986	988	989	]
[	987	989	990	]
[	984	990	991	]
[	981	991	992	]
[	978	992	993	]
[	977	993	994	]
[	995	944	996	]
[	997	998	999	]
[	1000	997	949	]
[	1001	1000	951	]
[	997	1002	998	]
[	1003	1004	1002	]
[	1005	1006	1004	]
[	1007	1003	997	]
[	1008	1007	1000	]
[	1009	1005	1003	]
[	1010	1009	1007	]
[	1011	1012	1006	]
[	1013	1011	1005	]
[	1014	1013	1009	]
[	1015	1016	1012	]
[	1017	1015	1011	]
[	1018	1017	1013	]
[	1019	1020	1016	]
[	1017	1019	1015	]
[	1021	1019	1017	]
[	1021	1022	1020	]
[	1023	1024	1025	]
[	1026	1023	1027	]
[	1028	1029	1024	]
[	1030	1028	1023	]
[	1031	1032	1029	]
[	1033	1031	1028	]
[	995	1034	1032	]
[	995	1035	1034	]
[	986	944	995	]
[	1036	995	1031	]
[	988	986	1036	]
[	1037	1036	1033	]
[	1038	1033	1030	]
[	1039	1030	1026	]
[	1040	1026	1027	]
[	1041	1027	1025	]
[	946	996	944	]
[	949	999	947	]
[	951	949	948	]
[	953	951	950	]
[	948	954	955	]
[	956	955	957	]
[	950	948	956	]
[	952	950	959	]
[	959	956	958	]
[	960	959	961	]
[	958	957	963	]
[	961	958	964	]
[	962	961	965	]
[	964	963	967	]
[	965	964	968	]
[	966	965	969	]
[	968	967	971	]
[	970	969	972	]
[	972	971	974	]
[	977	1042	975	]
[	976	975	979	]
[	978	976	980	]
[	980	979	982	]
[	981	980	983	]
[	983	982	985	]
[	987	945	944	]
[	984	983	945	]
[	989	987	986	]
[	990	984	987	]
[	991	981	984	]
[	992	978	981	]
[	993	977	978	]
[	994	1042	977	]
[	996	1035	995	]
[	999	949	997	]
[	949	951	1000	]
[	951	953	1001	]
[	1002	997	1003	]
[	1004	1003	1005	]
[	997	1000	1007	]
[	1000	1001	1008	]
[	1003	1007	1009	]
[	1007	1008	1010	]
[	1006	1005	1011	]
[	1005	1009	1013	]
[	1009	1010	1014	]
[	1012	1011	1015	]
[	1011	1013	1017	]
[	1013	1014	1018	]
[	1016	1015	1019	]
[	1017	1018	1021	]
[	1020	1019	1021	]
[	1025	1027	1023	]
[	1024	1023	1028	]
[	1023	1026	1030	]
[	1029	1028	1031	]
[	1028	1030	1033	]
[	1032	1031	995	]
[	995	1036	986	]
[	1031	1033	1036	]
[	1036	1037	988	]
[	1033	1038	1037	]
[	1030	1039	1038	]
[	1026	1040	1039	]
[	1027	1041	1040	]
[	1025	1043	1041	]
[	1044	1045	1046	]
[	1047	1048	1049	]
[	1048	1050	1051	]
[	1050	1052	1053	]
[	1052	1054	1055	]
[	1056	1057	1058	]
[	1058	1059	1060	]
[	1059	1061	1062	]
[	1061	1063	1064	]
[	1063	1065	1066	]
[	1067	1068	1069	]
[	1070	1069	1071	]
[	1072	1071	1073	]
[	1074	1075	1073	]
[	1045	1044	1076	]
[	1077	1076	1078	]
[	1077	1078	1079	]
[	1080	1079	1081	]
[	1082	1083	1084	]
[	1085	1047	1086	]
[	1087	1085	1088	]
[	1089	1087	1090	]
[	1091	1089	1092	]
[	1093	1094	1095	]
[	1096	1093	1095	]
[	1097	1096	1098	]
[	1099	1097	1100	]
[	1101	1099	1102	]
[	1103	1104	1105	]
[	1106	1105	1107	]
[	1108	1107	1109	]
[	1110	1109	1111	]
[	1084	1083	1112	]
[	1113	1114	1112	]
[	1113	1112	1115	]
[	1116	1115	1117	]
[	1049	1086	1047	]
[	1051	1049	1048	]
[	1053	1051	1050	]
[	1055	1053	1052	]
[	1060	1056	1058	]
[	1062	1060	1059	]
[	1064	1062	1061	]
[	1066	1064	1063	]
[	1069	1070	1067	]
[	1071	1072	1070	]
[	1073	1075	1072	]
[	1076	1077	1045	]
[	1079	1080	1077	]
[	1081	1117	1080	]
[	1086	1088	1085	]
[	1088	1090	1087	]
[	1090	1092	1089	]
[	1092	1118	1091	]
[	1095	1098	1096	]
[	1098	1100	1097	]
[	1100	1102	1099	]
[	1102	1119	1101	]
[	1105	1106	1103	]
[	1107	1108	1106	]
[	1109	1110	1108	]
[	1112	1114	1084	]
[	1115	1116	1113	]
[	1117	1081	1116	]
[	1120	1121	1122	]
[	1121	1123	1124	]
[	1124	1123	1125	]
[	1126	1127	1120	]
[	1128	1129	1130	]
[	1131	1128	1132	]
[	1133	1131	1134	]
[	1129	1135	1130	]
[	1122	1126	1120	]
[	1124	1122	1121	]
[	1130	1132	1128	]
[	1132	1134	1131	]
[	1136	1137	1138	]
[	1139	1138	1140	]
[	1141	1142	1137	]
[	1143	1144	1142	]
[	1145	1146	1144	]
[	1147	1148	1146	]
[	1149	1150	1148	]
[	1151	1152	1150	]
[	1138	1153	1154	]
[	1137	1155	1153	]
[	1142	1156	1155	]
[	1144	1157	1156	]
[	1146	1158	1157	]
[	1148	1159	1158	]
[	1160	1161	1159	]
[	1148	1150	1160	]
[	1152	1162	1160	]
[	1152	1163	1162	]
[	1160	1162	1164	]
[	1162	1163	1165	]
[	1161	1164	1166	]
[	1164	1165	1167	]
[	1159	1166	1168	]
[	1166	1167	1169	]
[	1158	1168	1170	]
[	1168	1169	1171	]
[	1157	1170	1172	]
[	1170	1171	1173	]
[	1156	1172	1174	]
[	1172	1173	1175	]
[	1155	1174	1176	]
[	1174	1175	1177	]
[	1153	1176	1178	]
[	1176	1177	1179	]
[	1180	1136	1139	]
[	1181	1139	1182	]
[	1183	1141	1136	]
[	1184	1143	1141	]
[	1185	1145	1143	]
[	1186	1147	1145	]
[	1187	1149	1147	]
[	1188	1151	1149	]
[	1189	1181	1190	]
[	1191	1180	1181	]
[	1192	1183	1180	]
[	1193	1184	1183	]
[	1194	1185	1184	]
[	1195	1186	1185	]
[	1196	1197	1186	]
[	1197	1187	1186	]
[	1198	1188	1187	]
[	1198	1199	1188	]
[	1198	1197	1196	]
[	1199	1198	1200	]
[	1200	1196	1195	]
[	1201	1200	1202	]
[	1202	1195	1194	]
[	1203	1202	1204	]
[	1204	1194	1193	]
[	1205	1204	1206	]
[	1206	1193	1192	]
[	1207	1206	1208	]
[	1208	1192	1191	]
[	1209	1208	1210	]
[	1210	1191	1189	]
[	1211	1210	1212	]
[	1212	1189	1213	]
[	1214	1212	1215	]
[	1138	1139	1136	]
[	1140	1182	1139	]
[	1137	1136	1141	]
[	1142	1141	1143	]
[	1144	1143	1145	]
[	1146	1145	1147	]
[	1148	1147	1149	]
[	1150	1149	1151	]
[	1154	1140	1138	]
[	1153	1138	1137	]
[	1155	1137	1142	]
[	1156	1142	1144	]
[	1157	1144	1146	]
[	1158	1146	1148	]
[	1159	1148	1160	]
[	1160	1150	1152	]
[	1164	1161	1160	]
[	1165	1164	1162	]
[	1166	1159	1161	]
[	1167	1166	1164	]
[	1168	1158	1159	]
[	1169	1168	1166	]
[	1170	1157	1158	]
[	1171	1170	1168	]
[	1172	1156	1157	]
[	1173	1172	1170	]
[	1174	1155	1156	]
[	1175	1174	1172	]
[	1176	1153	1155	]
[	1177	1176	1174	]
[	1178	1154	1153	]
[	1179	1178	1176	]
[	1139	1181	1180	]
[	1182	1190	1181	]
[	1136	1180	1183	]
[	1141	1183	1184	]
[	1143	1184	1185	]
[	1145	1185	1186	]
[	1147	1186	1187	]
[	1149	1187	1188	]
[	1190	1213	1189	]
[	1181	1189	1191	]
[	1180	1191	1192	]
[	1183	1192	1193	]
[	1184	1193	1194	]
[	1185	1194	1195	]
[	1186	1195	1196	]
[	1187	1197	1198	]
[	1196	1200	1198	]
[	1200	1201	1199	]
[	1195	1202	1200	]
[	1202	1203	1201	]
[	1194	1204	1202	]
[	1204	1205	1203	]
[	1193	1206	1204	]
[	1206	1207	1205	]
[	1192	1208	1206	]
[	1208	1209	1207	]
[	1191	1210	1208	]
[	1210	1211	1209	]
[	1189	1212	1210	]
[	1212	1214	1211	]
[	1213	1215	1212	]
[	1215	1216	1214	]
[	1217	1218	1219	]
[	1217	1220	1221	]
[	1222	1221	1223	]
[	1224	1223	1225	]
[	1226	1225	1227	]
[	1228	1227	1229	]
[	1219	1218	1230	]
[	1230	1218	1231	]
[	1218	1232	1233	]
[	1232	1234	1235	]
[	1234	1236	1237	]
[	1236	1238	1239	]
[	1240	1231	1241	]
[	1231	1233	1242	]
[	1233	1235	1243	]
[	1235	1237	1244	]
[	1237	1239	1245	]
[	1246	1241	1247	]
[	1241	1242	1248	]
[	1242	1243	1249	]
[	1243	1244	1250	]
[	1244	1245	1251	]
[	1252	1247	1253	]
[	1247	1248	1254	]
[	1248	1249	1255	]
[	1249	1250	1256	]
[	1250	1251	1257	]
[	1258	1229	1252	]
[	1259	1229	1258	]
[	1219	1220	1217	]
[	1221	1222	1217	]
[	1223	1224	1222	]
[	1225	1226	1224	]
[	1227	1228	1226	]
[	1229	1259	1228	]
[	1231	1240	1230	]
[	1233	1231	1218	]
[	1235	1233	1232	]
[	1237	1235	1234	]
[	1239	1237	1236	]
[	1241	1246	1240	]
[	1242	1241	1231	]
[	1243	1242	1233	]
[	1244	1243	1235	]
[	1245	1244	1237	]
[	1247	1252	1246	]
[	1248	1247	1241	]
[	1249	1248	1242	]
[	1250	1249	1243	]
[	1251	1250	1244	]
[	1253	1260	1252	]
[	1254	1253	1247	]
[	1255	1254	1248	]
[	1256	1255	1249	]
[	1257	1256	1250	]
[	1252	1260	1258	]
[	1258	1261	1259	]
[	1262	1263	1264	]
[	1263	1265	1266	]
[	1265	1267	1268	]
[	1267	1269	1270	]
[	1269	1271	1272	]
[	1262	1273	1263	]
[	1273	1274	1265	]
[	1274	1275	1267	]
[	1275	1276	1269	]
[	1276	1277	1271	]
[	1262	1278	1273	]
[	1278	1279	1274	]
[	1279	1280	1275	]
[	1280	1281	1276	]
[	1281	1282	1277	]
[	1262	1283	1278	]
[	1283	1284	1279	]
[	1284	1285	1280	]
[	1285	1286	1281	]
[	1286	1287	1282	]
[	1262	1288	1283	]
[	1288	1289	1284	]
[	1289	1290	1285	]
[	1290	1291	1286	]
[	1291	1292	1287	]
[	1262	1293	1288	]
[	1293	1294	1289	]
[	1294	1295	1290	]
[	1295	1296	1291	]
[	1296	1297	1292	]
[	1262	1298	1293	]
[	1298	1299	1294	]
[	1299	1300	1295	]
[	1300	1301	1296	]
[	1301	1302	1297	]
[	1262	1303	1298	]
[	1303	1304	1299	]
[	1304	1305	1300	]
[	1305	1306	1301	]
[	1306	1307	1302	]
[	1262	1308	1303	]
[	1308	1309	1304	]
[	1309	1310	1305	]
[	1310	1311	1306	]
[	1311	1312	1307	]
[	1262	1313	1308	]
[	1313	1314	1309	]
[	1314	1315	1310	]
[	1315	1316	1311	]
[	1316	1317	1312	]
[	1262	1318	1313	]
[	1318	1319	1314	]
[	1319	1320	1315	]
[	1320	1321	1316	]
[	1321	1322	1317	]
[	1262	1323	1318	]
[	1323	1324	1319	]
[	1324	1325	1320	]
[	1325	1326	1321	]
[	1326	1327	1322	]
[	1262	1328	1323	]
[	1328	1329	1324	]
[	1329	1330	1325	]
[	1330	1331	1326	]
[	1331	1332	1327	]
[	1262	1333	1328	]
[	1333	1334	1329	]
[	1334	1335	1330	]
[	1335	1336	1331	]
[	1336	1337	1332	]
[	1262	1338	1333	]
[	1338	1339	1334	]
[	1339	1340	1335	]
[	1340	1341	1336	]
[	1341	1342	1337	]
[	1262	1343	1338	]
[	1343	1344	1339	]
[	1344	1345	1340	]
[	1345	1346	1341	]
[	1346	1347	1342	]
[	1262	1348	1343	]
[	1348	1349	1344	]
[	1349	1350	1345	]
[	1350	1351	1346	]
[	1351	1352	1347	]
[	1262	1353	1348	]
[	1353	1354	1349	]
[	1354	1355	1350	]
[	1355	1356	1351	]
[	1356	1357	1352	]
[	1262	1358	1353	]
[	1358	1359	1354	]
[	1359	1360	1355	]
[	1360	1361	1356	]
[	1361	1362	1357	]
[	1262	1264	1358	]
[	1264	1266	1359	]
[	1266	1268	1360	]
[	1268	1270	1361	]
[	1270	1272	1362	]
[	1266	1264	1263	]
[	1268	1266	1265	]
[	1270	1268	1267	]
[	1272	1270	1269	]
[	1265	1263	1273	]
[	1267	1265	1274	]
[	1269	1267	1275	]
[	1271	1269	1276	]
[	1274	1273	1278	]
[	1275	1274	1279	]
[	1276	1275	1280	]
[	1277	1276	1281	]
[	1279	1278	1283	]
[	1280	1279	1284	]
[	1281	1280	1285	]
[	1282	1281	1286	]
[	1284	1283	1288	]
[	1285	1284	1289	]
[	1286	1285	1290	]
[	1287	1286	1291	]
[	1289	1288	1293	]
[	1290	1289	1294	]
[	1291	1290	1295	]
[	1292	1291	1296	]
[	1294	1293	1298	]
[	1295	1294	1299	]
[	1296	1295	1300	]
[	1297	1296	1301	]
[	1299	1298	1303	]
[	1300	1299	1304	]
[	1301	1300	1305	]
[	1302	1301	1306	]
[	1304	1303	1308	]
[	1305	1304	1309	]
[	1306	1305	1310	]
[	1307	1306	1311	]
[	1309	1308	1313	]
[	1310	1309	1314	]
[	1311	1310	1315	]
[	1312	1311	1316	]
[	1314	1313	1318	]
[	1315	1314	1319	]
[	1316	1315	1320	]
[	1317	1316	1321	]
[	1319	1318	1323	]
[	1320	1319	1324	]
[	1321	1320	1325	]
[	1322	1321	1326	]
[	1324	1323	1328	]
[	1325	1324	1329	]
[	1326	1325	1330	]
[	1327	1326	1331	]
[	1329	1328	1333	]
[	1330	1329	1334	]
[	1331	1330	1335	]
[	1332	1331	1336	]
[	1334	1333	1338	]
[	1335	1334	1339	]
[	1336	1335	1340	]
[	1337	1336	1341	]
[	1339	1338	1343	]
[	1340	1339	1344	]
[	1341	1340	1345	]
[	1342	1341	1346	]
[	1344	1343	1348	]
[	1345	1344	1349	]
[	1346	1345	1350	]
[	1347	1346	1351	]
[	1349	1348	1353	]
[	1350	1349	1354	]
[	1351	1350	1355	]
[	1352	1351	1356	]
[	1354	1353	1358	]
[	1355	1354	1359	]
[	1356	1355	1360	]
[	1357	1356	1361	]
[	1359	1358	1264	]
[	1360	1359	1266	]
[	1361	1360	1268	]
[	1362	1361	1270	]
[	1363	1364	1365	]
[	1364	1366	1367	]
[	1366	1368	1369	]
[	1368	1370	1371	]
[	1370	1372	1373	]
[	1373	1372	1374	]
[	1375	1376	1364	]
[	1376	1377	1366	]
[	1377	1378	1368	]
[	1378	1379	1370	]
[	1379	1380	1372	]
[	1372	1380	1374	]
[	1381	1382	1376	]
[	1382	1383	1377	]
[	1383	1384	1378	]
[	1384	1385	1379	]
[	1385	1386	1380	]
[	1380	1386	1374	]
[	1387	1388	1382	]
[	1388	1389	1383	]
[	1389	1390	1384	]
[	1390	1391	1385	]
[	1391	1392	1386	]
[	1386	1392	1374	]
[	1393	1394	1388	]
[	1394	1395	1389	]
[	1395	1396	1390	]
[	1396	1397	1391	]
[	1397	1398	1392	]
[	1392	1398	1374	]
[	1399	1400	1394	]
[	1400	1401	1395	]
[	1401	1402	1396	]
[	1402	1403	1397	]
[	1403	1404	1398	]
[	1398	1404	1374	]
[	1405	1406	1400	]
[	1406	1407	1401	]
[	1407	1408	1402	]
[	1408	1409	1403	]
[	1409	1410	1404	]
[	1404	1410	1374	]
[	1411	1412	1406	]
[	1412	1413	1407	]
[	1413	1414	1408	]
[	1414	1415	1409	]
[	1415	1416	1410	]
[	1410	1416	1374	]
[	1417	1418	1412	]
[	1418	1419	1413	]
[	1419	1420	1414	]
[	1420	1421	1415	]
[	1421	1422	1416	]
[	1416	1422	1374	]
[	1423	1424	1418	]
[	1424	1425	1419	]
[	1425	1426	1420	]
[	1426	1427	1421	]
[	1427	1428	1422	]
[	1422	1428	1374	]
[	1429	1430	1424	]
[	1430	1431	1425	]
[	1431	1432	1426	]
[	1432	1433	1427	]
[	1433	1434	1428	]
[	1428	1434	1374	]
[	1435	1436	1430	]
[	1436	1437	1431	]
[	1437	1438	1432	]
[	1438	1439	1433	]
[	1439	1440	1434	]
[	1434	1440	1374	]
[	1441	1442	1436	]
[	1442	1443	1437	]
[	1443	1444	1438	]
[	1444	1445	1439	]
[	1445	1446	1440	]
[	1440	1446	1374	]
[	1447	1448	1442	]
[	1448	1449	1443	]
[	1449	1450	1444	]
[	1450	1451	1445	]
[	1451	1452	1446	]
[	1446	1452	1374	]
[	1453	1454	1448	]
[	1454	1455	1449	]
[	1455	1456	1450	]
[	1456	1457	1451	]
[	1457	1458	1452	]
[	1452	1458	1374	]
[	1459	1460	1454	]
[	1460	1461	1455	]
[	1461	1462	1456	]
[	1462	1463	1457	]
[	1463	1464	1458	]
[	1458	1464	1374	]
[	1465	1466	1460	]
[	1466	1467	1461	]
[	1467	1468	1462	]
[	1468	1469	1463	]
[	1469	1470	1464	]
[	1464	1470	1374	]
[	1471	1472	1466	]
[	1472	1473	1467	]
[	1473	1474	1468	]
[	1474	1475	1469	]
[	1475	1476	1470	]
[	1470	1476	1374	]
[	1477	1478	1472	]
[	1478	1479	1473	]
[	1479	1480	1474	]
[	1480	1481	1475	]
[	1481	1482	1476	]
[	1476	1482	1374	]
[	1483	1365	1478	]
[	1365	1367	1479	]
[	1367	1369	1480	]
[	1369	1371	1481	]
[	1371	1373	1482	]
[	1482	1373	1374	]
[	1365	1483	1363	]
[	1367	1365	1364	]
[	1369	1367	1366	]
[	1371	1369	1368	]
[	1373	1371	1370	]
[	1364	1363	1375	]
[	1366	1364	1376	]
[	1368	1366	1377	]
[	1370	1368	1378	]
[	1372	1370	1379	]
[	1376	1375	1381	]
[	1377	1376	1382	]
[	1378	1377	1383	]
[	1379	1378	1384	]
[	1380	1379	1385	]
[	1382	1381	1387	]
[	1383	1382	1388	]
[	1384	1383	1389	]
[	1385	1384	1390	]
[	1386	1385	1391	]
[	1388	1387	1393	]
[	1389	1388	1394	]
[	1390	1389	1395	]
[	1391	1390	1396	]
[	1392	1391	1397	]
[	1394	1393	1399	]
[	1395	1394	1400	]
[	1396	1395	1401	]
[	1397	1396	1402	]
[	1398	1397	1403	]
[	1400	1399	1405	]
[	1401	1400	1406	]
[	1402	1401	1407	]
[	1403	1402	1408	]
[	1404	1403	1409	]
[	1406	1405	1411	]
[	1407	1406	1412	]
[	1408	1407	1413	]
[	1409	1408	1414	]
[	1410	1409	1415	]
[	1412	1411	1417	]
[	1413	1412	1418	]
[	1414	1413	1419	]
[	1415	1414	1420	]
[	1416	1415	1421	]
[	1418	1417	1423	]
[	1419	1418	1424	]
[	1420	1419	1425	]
[	1421	1420	1426	]
[	1422	1421	1427	]
[	1424	1423	1429	]
[	1425	1424	1430	]
[	1426	1425	1431	]
[	1427	1426	1432	]
[	1428	1427	1433	]
[	1430	1429	1435	]
[	1431	1430	1436	]
[	1432	1431	1437	]
[	1433	1432	1438	]
[	1434	1433	1439	]
[	1436	1435	1441	]
[	1437	1436	1442	]
[	1438	1437	1443	]
[	1439	1438	1444	]
[	1440	1439	1445	]
[	1442	1441	1447	]
[	1443	1442	1448	]
[	1444	1443	1449	]
[	1445	1444	1450	]
[	1446	1445	1451	]
[	1448	1447	1453	]
[	1449	1448	1454	]
[	1450	1449	1455	]
[	1451	1450	1456	]
[	1452	1451	1457	]
[	1454	1453	1459	]
[	1455	1454	1460	]
[	1456	1455	1461	]
[	1457	1456	1462	]
[	1458	1457	1463	]
[	1460	1459	1465	]
[	1461	1460	1466	]
[	1462	1461	1467	]
[	1463	1462	1468	]
[	1464	1463	1469	]
[	1466	1465	1471	]
[	1467	1466	1472	]
[	1468	1467	1473	]
[	1469	1468	1474	]
[	1470	1469	1475	]
[	1472	1471	1477	]
[	1473	1472	1478	]
[	1474	1473	1479	]
[	1475	1474	1480	]
[	1476	1475	1481	]
[	1478	1477	1483	]
[	1479	1478	1365	]
[	1480	1479	1367	]
[	1481	1480	1369	]
[	1482	1481	1371	]
[	1484	1485	1486	]
[	1486	1485	1487	]
[	1488	1487	1489	]
[	1490	1489	1491	]
[	1492	1491	1493	]
[	1494	1493	1495	]
[	1496	1484	1497	]
[	1484	1496	1498	]
[	1499	1484	1500	]
[	1501	1499	1502	]
[	1503	1501	1504	]
[	1505	1503	1506	]
[	1500	1498	1507	]
[	1502	1500	1508	]
[	1504	1502	1509	]
[	1506	1504	1510	]
[	1511	1506	1512	]
[	1508	1507	1513	]
[	1509	1508	1514	]
[	1510	1509	1515	]
[	1512	1510	1516	]
[	1517	1512	1518	]
[	1514	1513	1519	]
[	1515	1514	1520	]
[	1516	1515	1521	]
[	1518	1516	1522	]
[	1523	1518	1524	]
[	1525	1526	1519	]
[	1525	1495	1527	]
[	1486	1497	1484	]
[	1487	1488	1486	]
[	1489	1490	1488	]
[	1491	1492	1490	]
[	1493	1494	1492	]
[	1495	1525	1494	]
[	1498	1500	1484	]
[	1500	1502	1499	]
[	1502	1504	1501	]
[	1504	1506	1503	]
[	1506	1511	1505	]
[	1507	1508	1500	]
[	1508	1509	1502	]
[	1509	1510	1504	]
[	1510	1512	1506	]
[	1512	1517	1511	]
[	1513	1514	1508	]
[	1514	1515	1509	]
[	1515	1516	1510	]
[	1516	1518	1512	]
[	1518	1523	1517	]
[	1519	1520	1514	]
[	1520	1521	1515	]
[	1521	1522	1516	]
[	1522	1524	1518	]
[	1524	1528	1523	]
[	1519	1513	1525	]
[	1527	1526	1525	]
[	1529	1530	1531	]
[	1532	1530	1529	]
[	1533	1532	1534	]
[	1535	1533	1536	]
[	1537	1535	1538	]
[	1530	1539	1531	]
[	1540	1539	1530	]
[	1541	1540	1532	]
[	1542	1541	1533	]
[	1543	1542	1535	]
[	1539	1544	1531	]
[	1545	1544	1539	]
[	1546	1545	1540	]
[	1547	1546	1541	]
[	1548	1547	1542	]
[	1544	1549	1531	]
[	1550	1549	1544	]
[	1551	1550	1545	]
[	1552	1551	1546	]
[	1553	1552	1547	]
[	1549	1554	1531	]
[	1555	1554	1549	]
[	1556	1555	1550	]
[	1557	1556	1551	]
[	1558	1557	1552	]
[	1554	1559	1531	]
[	1560	1559	1554	]
[	1561	1560	1555	]
[	1562	1561	1556	]
[	1563	1562	1557	]
[	1559	1564	1531	]
[	1565	1564	1559	]
[	1566	1565	1560	]
[	1567	1566	1561	]
[	1568	1567	1562	]
[	1564	1569	1531	]
[	1570	1569	1564	]
[	1571	1570	1565	]
[	1572	1571	1566	]
[	1573	1572	1567	]
[	1569	1574	1531	]
[	1575	1574	1569	]
[	1576	1575	1570	]
[	1577	1576	1571	]
[	1578	1577	1572	]
[	1574	1579	1531	]
[	1580	1579	1574	]
[	1581	1580	1575	]
[	1582	1581	1576	]
[	1583	1582	1577	]
[	1579	1584	1531	]
[	1585	1584	1579	]
[	1586	1585	1580	]
[	1587	1586	1581	]
[	1588	1587	1582	]
[	1584	1589	1531	]
[	1590	1589	1584	]
[	1591	1590	1585	]
[	1592	1591	1586	]
[	1593	1592	1587	]
[	1589	1594	1531	]
[	1595	1594	1589	]
[	1596	1595	1590	]
[	1597	1596	1591	]
[	1598	1597	1592	]
[	1594	1599	1531	]
[	1600	1599	1594	]
[	1601	1600	1595	]
[	1602	1601	1596	]
[	1603	1602	1597	]
[	1599	1604	1531	]
[	1605	1604	1599	]
[	1606	1605	1600	]
[	1607	1606	1601	]
[	1608	1607	1602	]
[	1604	1609	1531	]
[	1610	1609	1604	]
[	1611	1610	1605	]
[	1612	1611	1606	]
[	1613	1612	1607	]
[	1609	1614	1531	]
[	1615	1614	1609	]
[	1616	1615	1610	]
[	1617	1616	1611	]
[	1618	1617	1612	]
[	1614	1619	1531	]
[	1620	1619	1614	]
[	1621	1620	1615	]
[	1622	1621	1616	]
[	1623	1622	1617	]
[	1619	1624	1531	]
[	1625	1624	1619	]
[	1626	1625	1620	]
[	1627	1626	1621	]
[	1628	1627	1622	]
[	1624	1529	1531	]
[	1534	1529	1624	]
[	1536	1534	1625	]
[	1538	1536	1626	]
[	1629	1538	1627	]
[	1529	1534	1532	]
[	1534	1536	1533	]
[	1536	1538	1535	]
[	1538	1629	1537	]
[	1530	1532	1540	]
[	1532	1533	1541	]
[	1533	1535	1542	]
[	1535	1537	1543	]
[	1539	1540	1545	]
[	1540	1541	1546	]
[	1541	1542	1547	]
[	1542	1543	1548	]
[	1544	1545	1550	]
[	1545	1546	1551	]
[	1546	1547	1552	]
[	1547	1548	1553	]
[	1549	1550	1555	]
[	1550	1551	1556	]
[	1551	1552	1557	]
[	1552	1553	1558	]
[	1554	1555	1560	]
[	1555	1556	1561	]
[	1556	1557	1562	]
[	1557	1558	1563	]
[	1559	1560	1565	]
[	1560	1561	1566	]
[	1561	1562	1567	]
[	1562	1563	1568	]
[	1564	1565	1570	]
[	1565	1566	1571	]
[	1566	1567	1572	]
[	1567	1568	1573	]
[	1569	1570	1575	]
[	1570	1571	1576	]
[	1571	1572	1577	]
[	1572	1573	1578	]
[	1574	1575	1580	]
[	1575	1576	1581	]
[	1576	1577	1582	]
[	1577	1578	1583	]
[	1579	1580	1585	]
[	1580	1581	1586	]
[	1581	1582	1587	]
[	1582	1583	1588	]
[	1584	1585	1590	]
[	1585	1586	1591	]
[	1586	1587	1592	]
[	1587	1588	1593	]
[	1589	1590	1595	]
[	1590	1591	1596	]
[	1591	1592	1597	]
[	1592	1593	1598	]
[	1594	1595	1600	]
[	1595	1596	1601	]
[	1596	1597	1602	]
[	1597	1598	1603	]
[	1599	1600	1605	]
[	1600	1601	1606	]
[	1601	1602	1607	]
[	1602	1603	1608	]
[	1604	1605	1610	]
[	1605	1606	1611	]
[	1606	1607	1612	]
[	1607	1608	1613	]
[	1609	1610	1615	]
[	1610	1611	1616	]
[	1611	1612	1617	]
[	1612	1613	1618	]
[	1614	1615	1620	]
[	1615	1616	1621	]
[	1616	1617	1622	]
[	1617	1618	1623	]
[	1619	1620	1625	]
[	1620	1621	1626	]
[	1621	1622	1627	]
[	1622	1623	1628	]
[	1624	1625	1534	]
[	1625	1626	1536	]
[	1626	1627	1538	]
[	1627	1628	1629	]
[	1630	1631	1632	]
[	1633	1630	1634	]
[	1635	1633	1636	]
[	1637	1635	1638	]
[	1639	1637	1640	]
[	1641	1639	1642	]
[	1643	1644	1631	]
[	1645	1643	1630	]
[	1646	1645	1633	]
[	1647	1646	1635	]
[	1648	1647	1637	]
[	1641	1648	1639	]
[	1649	1650	1644	]
[	1651	1649	1643	]
[	1652	1651	1645	]
[	1653	1652	1646	]
[	1654	1653	1647	]
[	1641	1654	1648	]
[	1655	1656	1650	]
[	1657	1655	1649	]
[	1658	1657	1651	]
[	1659	1658	1652	]
[	1660	1659	1653	]
[	1641	1660	1654	]
[	1661	1662	1656	]
[	1663	1661	1655	]
[	1664	1663	1657	]
[	1665	1664	1658	]
[	1666	1665	1659	]
[	1641	1666	1660	]
[	1667	1668	1662	]
[	1669	1667	1661	]
[	1670	1669	1663	]
[	1671	1670	1664	]
[	1672	1671	1665	]
[	1641	1672	1666	]
[	1673	1674	1668	]
[	1675	1673	1667	]
[	1676	1675	1669	]
[	1677	1676	1670	]
[	1678	1677	1671	]
[	1641	1678	1672	]
[	1679	1680	1674	]
[	1681	1679	1673	]
[	1682	1681	1675	]
[	1683	1682	1676	]
[	1684	1683	1677	]
[	1641	1684	1678	]
[	1685	1686	1680	]
[	1687	1685	1679	]
[	1688	1687	1681	]
[	1689	1688	1682	]
[	1690	1689	1683	]
[	1641	1690	1684	]
[	1691	1692	1686	]
[	1693	1691	1685	]
[	1694	1693	1687	]
[	1695	1694	1688	]
[	1696	1695	1689	]
[	1641	1696	1690	]
[	1697	1698	1692	]
[	1699	1697	1691	]
[	1700	1699	1693	]
[	1701	1700	1694	]
[	1702	1701	1695	]
[	1641	1702	1696	]
[	1703	1704	1698	]
[	1705	1703	1697	]
[	1706	1705	1699	]
[	1707	1706	1700	]
[	1708	1707	1701	]
[	1641	1708	1702	]
[	1709	1710	1704	]
[	1711	1709	1703	]
[	1712	1711	1705	]
[	1713	1712	1706	]
[	1714	1713	1707	]
[	1641	1714	1708	]
[	1715	1716	1710	]
[	1717	1715	1709	]
[	1718	1717	1711	]
[	1719	1718	1712	]
[	1720	1719	1713	]
[	1641	1720	1714	]
[	1721	1722	1716	]
[	1723	1721	1715	]
[	1724	1723	1717	]
[	1725	1724	1718	]
[	1726	1725	1719	]
[	1641	1726	1720	]
[	1727	1728	1722	]
[	1729	1727	1721	]
[	1730	1729	1723	]
[	1731	1730	1724	]
[	1732	1731	1725	]
[	1641	1732	1726	]
[	1733	1734	1728	]
[	1735	1733	1727	]
[	1736	1735	1729	]
[	1737	1736	1730	]
[	1738	1737	1731	]
[	1641	1738	1732	]
[	1739	1740	1734	]
[	1741	1739	1733	]
[	1742	1741	1735	]
[	1743	1742	1736	]
[	1744	1743	1737	]
[	1641	1744	1738	]
[	1745	1746	1740	]
[	1747	1745	1739	]
[	1748	1747	1741	]
[	1749	1748	1742	]
[	1750	1749	1743	]
[	1641	1750	1744	]
[	1634	1632	1746	]
[	1636	1634	1745	]
[	1638	1636	1747	]
[	1640	1638	1748	]
[	1642	1640	1749	]
[	1641	1642	1750	]
[	1632	1634	1630	]
[	1634	1636	1633	]
[	1636	1638	1635	]
[	1638	1640	1637	]
[	1640	1642	1639	]
[	1631	1630	1643	]
[	1630	1633	1645	]
[	1633	1635	1646	]
[	1635	1637	1647	]
[	1637	1639	1648	]
[	1644	1643	1649	]
[	1643	1645	1651	]
[	1645	1646	1652	]
[	1646	1647	1653	]
[	1647	1648	1654	]
[	1650	1649	1655	]
[	1649	1651	1657	]
[	1651	1652	1658	]
[	1652	1653	1659	]
[	1653	1654	1660	]
[	1656	1655	1661	]
[	1655	1657	1663	]
[	1657	1658	1664	]
[	1658	1659	1665	]
[	1659	1660	1666	]
[	1662	1661	1667	]
[	1661	1663	1669	]
[	1663	1664	1670	]
[	1664	1665	1671	]
[	1665	1666	1672	]
[	1668	1667	1673	]
[	1667	1669	1675	]
[	1669	1670	1676	]
[	1670	1671	1677	]
[	1671	1672	1678	]
[	1674	1673	1679	]
[	1673	1675	1681	]
[	1675	1676	1682	]
[	1676	1677	1683	]
[	1677	1678	1684	]
[	1680	1679	1685	]
[	1679	1681	1687	]
[	1681	1682	1688	]
[	1682	1683	1689	]
[	1683	1684	1690	]
[	1686	1685	1691	]
[	1685	1687	1693	]
[	1687	1688	1694	]
[	1688	1689	1695	]
[	1689	1690	1696	]
[	1692	1691	1697	]
[	1691	1693	1699	]
[	1693	1694	1700	]
[	1694	1695	1701	]
[	1695	1696	1702	]
[	1698	1697	1703	]
[	1697	1699	1705	]
[	1699	1700	1706	]
[	1700	1701	1707	]
[	1701	1702	1708	]
[	1704	1703	1709	]
[	1703	1705	1711	]
[	1705	1706	1712	]
[	1706	1707	1713	]
[	1707	1708	1714	]
[	1710	1709	1715	]
[	1709	1711	1717	]
[	1711	1712	1718	]
[	1712	1713	1719	]
[	1713	1714	1720	]
[	1716	1715	1721	]
[	1715	1717	1723	]
[	1717	1718	1724	]
[	1718	1719	1725	]
[	1719	1720	1726	]
[	1722	1721	1727	]
[	1721	1723	1729	]
[	1723	1724	1730	]
[	1724	1725	1731	]
[	1725	1726	1732	]
[	1728	1727	1733	]
[	1727	1729	1735	]
[	1729	1730	1736	]
[	1730	1731	1737	]
[	1731	1732	1738	]
[	1734	1733	1739	]
[	1733	1735	1741	]
[	1735	1736	1742	]
[	1736	1737	1743	]
[	1737	1738	1744	]
[	1740	1739	1745	]
[	1739	1741	1747	]
[	1741	1742	1748	]
[	1742	1743	1749	]
[	1743	1744	1750	]
[	1746	1745	1634	]
[	1745	1747	1636	]
[	1747	1748	1638	]
[	1748	1749	1640	]
[	1749	1750	1642	]
[	1751	1752	1753	]
[	1754	1755	1753	]
[	1751	1756	1757	]
[	1758	1759	1757	]
[	1758	1760	1759	]
[	1761	1762	1763	]
[	1764	1765	1762	]
[	1766	1767	1768	]
[	1769	1768	1770	]
[	1771	1767	1766	]
[	1772	1773	1771	]
[	1772	1774	1773	]
[	1775	1776	1777	]
[	1778	1779	1776	]
[	1753	1755	1751	]
[	1757	1752	1751	]
[	1757	1756	1758	]
[	1763	1780	1761	]
[	1762	1761	1764	]
[	1768	1769	1766	]
[	1766	1781	1771	]
[	1771	1781	1772	]
[	1777	1782	1775	]
[	1776	1775	1778	]
[	1783	1784	1785	]
[	1784	1786	1787	]
[	1786	1788	1789	]
[	1789	1788	1790	]
[	1791	1792	1793	]
[	1794	1795	1796	]
[	1795	1797	1798	]
[	1797	1791	1799	]
[	1800	1796	1801	]
[	1796	1798	1802	]
[	1798	1799	1803	]
[	1804	1801	1805	]
[	1801	1802	1806	]
[	1802	1803	1807	]
[	1808	1805	1809	]
[	1805	1806	1810	]
[	1811	1812	1813	]
[	1814	1809	1815	]
[	1809	1810	1816	]
[	1810	1817	1818	]
[	1817	1813	1819	]
[	1820	1815	1821	]
[	1815	1816	1822	]
[	1816	1818	1823	]
[	1818	1819	1824	]
[	1825	1821	1826	]
[	1821	1822	1827	]
[	1822	1823	1828	]
[	1823	1824	1829	]
[	1828	1829	1830	]
[	1831	1830	1832	]
[	1833	1831	1834	]
[	1835	1836	1834	]
[	1828	1831	1837	]
[	1838	1829	1839	]
[	1839	1840	1841	]
[	1840	1842	1843	]
[	1840	1844	1842	]
[	1845	1846	1847	]
[	1845	1847	1848	]
[	1849	1848	1850	]
[	1851	1850	1844	]
[	1844	1850	1852	]
[	1853	1844	1840	]
[	1839	1854	1840	]
[	1855	1854	1839	]
[	1829	1838	1856	]
[	1830	1856	1841	]
[	1841	1843	1852	]
[	1843	1842	1852	]
[	1830	1852	1857	]
[	1829	1824	1855	]
[	1845	1813	1812	]
[	1810	1806	1807	]
[	1791	1797	1792	]
[	1858	1783	1859	]
[	1860	1858	1861	]
[	1862	1860	1863	]
[	1862	1864	1865	]
[	1866	1867	1868	]
[	1869	1794	1800	]
[	1870	1869	1871	]
[	1868	1870	1872	]
[	1871	1800	1804	]
[	1872	1871	1873	]
[	1874	1872	1875	]
[	1873	1804	1808	]
[	1875	1873	1876	]
[	1877	1875	1878	]
[	1876	1808	1814	]
[	1878	1876	1879	]
[	1880	1881	1882	]
[	1879	1814	1820	]
[	1883	1879	1884	]
[	1882	1883	1885	]
[	1886	1882	1887	]
[	1884	1820	1825	]
[	1885	1884	1888	]
[	1887	1885	1889	]
[	1890	1887	1891	]
[	1888	1825	1892	]
[	1889	1888	1893	]
[	1891	1889	1894	]
[	1895	1891	1896	]
[	1897	1896	1898	]
[	1899	1898	1900	]
[	1898	1901	1902	]
[	1900	1902	1903	]
[	1898	1896	1894	]
[	1897	1904	1905	]
[	1906	1907	1905	]
[	1908	1906	1909	]
[	1908	1910	1906	]
[	1911	1912	1913	]
[	1911	1913	1914	]
[	1915	1914	1916	]
[	1917	1916	1918	]
[	1917	1910	1908	]
[	1910	1918	1919	]
[	1906	1919	1907	]
[	1919	1920	1897	]
[	1904	1897	1899	]
[	1909	1905	1899	]
[	1921	1909	1899	]
[	1922	1908	1921	]
[	1922	1899	1923	]
[	1920	1895	1897	]
[	1886	1913	1912	]
[	1883	1882	1881	]
[	1867	1870	1868	]
[	1785	1859	1783	]
[	1787	1785	1784	]
[	1789	1787	1786	]
[	1790	1924	1789	]
[	1796	1800	1794	]
[	1798	1796	1795	]
[	1799	1798	1797	]
[	1801	1804	1800	]
[	1802	1801	1796	]
[	1803	1802	1798	]
[	1805	1808	1804	]
[	1806	1805	1801	]
[	1807	1806	1802	]
[	1809	1814	1808	]
[	1810	1809	1805	]
[	1813	1817	1811	]
[	1815	1820	1814	]
[	1816	1815	1809	]
[	1818	1816	1810	]
[	1819	1818	1817	]
[	1821	1825	1820	]
[	1822	1821	1815	]
[	1823	1822	1816	]
[	1824	1823	1818	]
[	1826	1892	1825	]
[	1827	1826	1821	]
[	1828	1827	1822	]
[	1829	1828	1823	]
[	1830	1831	1828	]
[	1832	1834	1831	]
[	1834	1836	1833	]
[	1837	1827	1828	]
[	1839	1856	1838	]
[	1841	1856	1839	]
[	1843	1841	1840	]
[	1848	1849	1845	]
[	1850	1851	1849	]
[	1844	1853	1851	]
[	1852	1842	1844	]
[	1840	1854	1853	]
[	1839	1829	1855	]
[	1856	1830	1829	]
[	1852	1830	1841	]
[	1857	1832	1830	]
[	1812	1846	1845	]
[	1807	1811	1817	]
[	1807	1817	1810	]
[	1859	1861	1858	]
[	1861	1863	1860	]
[	1863	1864	1862	]
[	1865	1925	1862	]
[	1800	1871	1869	]
[	1871	1872	1870	]
[	1872	1874	1868	]
[	1804	1873	1871	]
[	1873	1875	1872	]
[	1875	1877	1874	]
[	1808	1876	1873	]
[	1876	1878	1875	]
[	1878	1926	1877	]
[	1814	1879	1876	]
[	1879	1883	1878	]
[	1882	1886	1880	]
[	1820	1884	1879	]
[	1884	1885	1883	]
[	1885	1887	1882	]
[	1887	1890	1886	]
[	1825	1888	1884	]
[	1888	1889	1885	]
[	1889	1891	1887	]
[	1891	1895	1890	]
[	1892	1893	1888	]
[	1893	1894	1889	]
[	1894	1896	1891	]
[	1896	1897	1895	]
[	1898	1899	1897	]
[	1900	1923	1899	]
[	1902	1900	1898	]
[	1894	1927	1898	]
[	1905	1907	1897	]
[	1905	1909	1906	]
[	1909	1921	1908	]
[	1914	1915	1911	]
[	1916	1917	1915	]
[	1918	1910	1917	]
[	1908	1922	1917	]
[	1919	1906	1910	]
[	1897	1907	1919	]
[	1899	1905	1904	]
[	1899	1922	1921	]
[	1923	1928	1922	]
[	1912	1880	1886	]
[	1881	1926	1878	]
[	1881	1878	1883	]


