0.281195079 -0.456942004    -3.690685413
0.789455185 -0.456942004    -3.563620387
1.297711775 -0.456942004    -3.43655536
1.956885764 -0.456942004    -3.563620387
2.568358524 -0.456942004    -3.738383128
2.97340246  -0.456942004    -3.817750439
3.330745167 -0.456942004    -3.690685413
4.09314587  -0.456942004    -2.92829877
4.752302285 -0.456942004    -2.165908612
5.363796134 -0.456942004    -1.149391916
5.617926186 -0.456942004    -0.13287522
5.792688928 -0.456942004    0.883641476
5.768822496 -0.456942004    1.844646749
5.665623902 -0.456942004    2.559332162
5.308260105 -0.456942004    3.297869947
4.903233743 -0.456942004    3.750615114
4.394973638 -0.456942004    4.004745167
3.839015817 -0.456942004    4.155676626
3.203680141 -0.456942004    4.187311072
2.568358524 -0.456942004    4.155676626
1.956885764 -0.456942004    4.084112478
1.39311775  -0.456942004    3.933181019
0.861008787 -0.456942004    3.679050967
0.281195079 -0.456942004    3.424934974
0.781732865 -0.369725835    -3.563620387
1.281750439 -0.281988049    -3.43655536
1.925163445 -0.170894903    -3.563620387
2.528404218 -0.059780316    -3.738383128
2.933518453 0.003539543 -3.817750439
3.282857645 0.067401757 -3.690685413
4.029490334 0.202390158 -2.92829877
4.680702988 0.313486116 -2.165908612
5.284499121 0.424601054 -1.149391916
5.530579965 0.464045694 -0.13287522
5.705272408 0.49597891  0.883641476
5.681265378 0.496246046 1.844646749
5.586397188 0.472347979 2.559332162
5.228717047 0.416815466 3.297869947
4.831915641 0.345165905 3.750615114
4.331388401 0.257947979 4.004745167
3.783374341 0.154619684 4.155676626
3.156158172 0.043255888 4.187311072
2.528404218 -0.059780316    4.155676626
1.925163445 -0.170894903    4.084112478
1.377173989 -0.266417575    3.933181019
0.853170475 -0.361690685    3.679050967
0.757760984 -0.290394025    -3.563620387
1.234323374 -0.115518102    -3.43655536
1.853652021 0.114630931 -3.563620387
2.425223199 0.321148682 -3.738383128
2.806783831 0.464383128 -3.817750439
3.140066784 0.583465729 -3.690685413
3.862706503 0.845258348 -2.92829877
4.482038664 1.067599297 -2.165908612
5.054130053 1.274123023 -1.149391916
5.292407733 1.361560633 -0.13287522
5.459086116 1.425005272 0.883641476
5.435184534 1.417353251 1.844646749
5.340175747 1.38570826  2.559332162
5.006362039 1.25829877  3.297869947
4.625342707 1.123395431 3.750615114
4.148752197 0.948520211 4.004745167
3.616625659 0.758344464 4.155676626
3.021188049 0.535841828 4.187311072
2.425223199 0.321148682 4.155676626
1.853652021 0.114630931 4.084112478
1.329325132 -0.075546924    3.933181019
0.82940246  -0.258594025    3.679050967
0.718235501 -0.202813357    -3.563620387
1.154759227 0.05131529  -3.43655536
1.726449912 0.376998243 -3.563620387
2.258811951 0.686639719 -3.738383128
2.607820738 0.885261863 -3.817750439
2.918017575 1.067838313 -3.690685413
3.576695958 1.449029877 -2.92829877
4.148927944 1.774717047 -2.165908612
4.680773286 2.084355009 -1.149391916
4.895114236 2.211420035 -0.13287522
5.053848858 2.298801406 0.883641476
5.03029877  2.282973638 1.844646749
4.942776801 2.235272408 2.559332162
4.633110721 2.052695958 3.297869947
4.283585237 1.854077329 3.750615114
3.839226714 1.599947276 4.004745167
3.354537786 1.321964851 4.155676626
2.806414763 1.0043058   4.187311072
2.258811951 0.686639719 4.155676626
1.726449912 0.376998243 4.084112478
1.242267135 0.099018278 3.933181019
0.781659051 -0.170939543    3.679050967
0.670544815 -0.131281195    -3.563620387
1.059370826 0.194381722 -3.43655536
1.559796134 0.614927944 -3.563620387
2.028579965 1.012179262 -3.738383128
2.337975395 1.274059754 -3.817750439
2.616242531 1.496506151 -3.690685413
3.195581722 1.98916696  -2.92829877
3.703831283 2.418042179 -2.165908612
4.17258348  2.806963093 -1.149391916
4.363093146 2.965630931 -0.13287522
4.498347979 3.085181019 0.883641476
4.482495606 3.0688471   1.844646749
4.403093146 3.005585237 2.559332162
4.132618629 2.775335677 3.297869947
3.823233743 2.51345167  3.750615114
3.433873462 2.187789104 4.004745167
3.005068541 1.822168717 4.155676626
2.512660808 1.41743761  4.187311072
2.028579965 1.012179262 4.155676626
1.559796134 0.614927944 4.084112478
1.130998243 0.257642179 3.933181019
0.725824253 -0.083836555    3.679050967
0.60685413  -0.067593673    -3.563620387
0.932516696 0.321234095 -3.43655536
1.353061511 0.821662566 -3.563620387
1.75031283  1.290446397 -3.738383128
2.012193322 1.599841828 -3.817750439
2.234639719 1.878108963 -3.690685413
2.727293497 2.45745167  -2.92829877
3.156168717 2.96568717  -2.165908612
3.545096661 3.434471002 -1.149391916
3.703760984 3.624991213 -0.13287522
3.823304042 3.760210896 0.883641476
3.807486819 3.744393673 1.844646749
3.743725835 3.664956063 2.559332162
3.513458699 3.394492091 3.297869947
3.251574692 3.085096661 3.750615114
2.925915641 2.695743409 4.004745167
2.56029877  2.266942004 4.155676626
2.155564148 1.774527241 4.187311072
1.75031283  1.290446397 4.155676626
1.353061511 0.821662566 4.084112478
0.995775044 0.392857645 3.933181019
0.65429877  -0.012314025    3.679050967
0.527514938 -0.019900527    -3.563620387
0.781644991 0.416618629 -3.43655536
1.11513181  0.988316344 -3.563620387
1.416966608 1.520678383 -3.738383128
1.623391916 1.86968717  -3.817750439
1.798158172 2.179887522 -3.690685413
2.179346221 2.838572935 -2.92829877
2.512836555 3.410783831 -2.165908612
2.814671353 3.942636204 -1.149391916
2.94173638  4.156977153 -0.13287522
3.036924429 4.315746924 0.883641476
3.021096661 4.292161687 1.844646749
2.973391916 4.204639719 2.559332162
2.790818981 3.894973638 3.297869947
2.592200351 3.545448155 3.750615114
2.338070299 3.101114236 4.004745167
2.052288225 2.616411248 4.155676626
1.734625659 2.068281195 4.187311072
1.416966608 1.520678383 4.155676626
1.11513181  0.988316344 4.084112478
0.837156415 0.504133568 3.933181019
0.567198594 0.043521968 3.679050967
0.447743409 0.019623234 -3.563620387
0.622615114 0.496189807 -3.43655536
0.852766257 1.115518453 -3.563620387
1.059282953 1.687086116 -3.738383128
1.202509666 2.068653779 -3.817750439
1.321588752 2.401933216 -3.690685413
1.583381371 3.12459051  -2.92829877
1.80572232  3.743901582 -2.165908612
2.012239016 4.31599297  -1.149391916
2.099676626 4.5543058   -0.13287522
2.163121265 4.720949033 0.883641476
2.155472759 4.697047452 1.844646749
2.123831283 4.602038664 2.559332162
1.996418278 4.268260105 3.297869947
1.861518453 3.887205624 3.750615114
1.686643234 3.410636204 4.004745167
1.496463972 2.878502636 4.155676626
1.27397188  2.283054482 4.187311072
1.059282953 1.687086116 4.155676626
0.852766257 1.115518453 4.084112478
0.662586995 0.591191564 3.933181019
0.479543058 0.091265026 3.679050967
0.368411248 0.043593673 -3.563620387
0.456147627 0.543613357 -3.43655536
0.567237258 1.187022847 -3.563620387
0.678347979 1.79027065  -3.738383128
0.741669596 2.195381371 -3.817750439
0.805528998 2.544720562 -3.690685413
0.940516696 3.291360281 -2.92829877
1.051609842 3.942565905 -2.165908612
1.162720562 4.546362039 -1.149391916
1.202161687 4.792442882 -0.13287522
1.234094903 4.967135325 0.883641476
1.234369069 4.943128295 1.844646749
1.210471002 4.848260105 2.559332162
1.154931459 4.490579965 3.297869947
1.083289982 4.093778559 3.750615114
0.996070299 3.593251318 4.004745167
0.892741652 3.045258348 4.155676626
0.781384886 2.418024605 4.187311072
0.678347979 1.79027065  4.155676626
0.567237258 1.187022847 4.084112478
0.47171529  0.639033392 3.933181019
0.376446397 0.115031634 3.679050967
0.281193322 0.05131529  -3.563620387
0.281191213 0.559574692 -3.43655536
0.281188752 1.218748682 -3.563620387
0.281186643 1.830221441 -3.738383128
0.281184886 2.235265378 -3.817750439
0.281183831 2.592608084 -3.690685413
0.281181019 3.354994728 -2.92829877
0.281178559 4.014165202 -2.165908612
0.28117645  4.625659051 -1.149391916
0.281175395 4.879789104 -0.13287522
0.281174692 5.054551845 0.883641476
0.281174692 5.030685413 1.844646749
0.281174692 4.927486819 2.559332162
0.28117645  4.570123023 3.297869947
0.281177856 4.165096661 3.750615114
0.281179613 3.656836555 4.004745167
0.281181722 3.10086819  4.155676626
0.281184183 2.465543058 4.187311072
0.281186643 1.830221441 4.155676626
0.281188752 1.218748682 4.084112478
0.281190861 0.654980668 3.933181019
0.28119297  0.122869596 3.679050967
0.193976098 0.043593322 -3.563620387
0.106236204 0.543606327 -3.43655536
-0.004858664    1.187019332 -3.563620387
-0.115975395    1.790267135 -3.738383128
-0.179297364    2.195381371 -3.817750439
-0.243159578    2.544713533 -3.690685413
-0.378154657    3.291353251 -2.92829877
-0.489247803    3.942565905 -2.165908612
-0.600365554    4.546326889 -1.149391916
-0.639813708    4.792442882 -0.13287522
-0.671746924    4.967135325 0.883641476
-0.67201406 4.943128295 1.844646749
-0.648115993    4.848260105 2.559332162
-0.59258348 4.490579965 3.297869947
-0.520934974    4.093778559 3.750615114
-0.433711775    3.593251318 4.004745167
-0.330382425    3.045251318 4.155676626
-0.219014763    2.41802109  4.187311072
-0.115975395    1.790267135 4.155676626
-0.004858664    1.187019332 4.084112478
0.090665729 0.639033392 3.933181019
0.185940949 0.115031634 3.679050967
0.11464464  0.019621617 -3.563620387
-0.060232689    0.496186292 -3.43655536
-0.290384183    1.115514938 -3.563620387
-0.496906854    1.687079086 -3.738383128
-0.640140598    2.068643234 -3.817750439
-0.759223199    2.401929701 -3.690685413
-1.021019332    3.124579965 -2.92829877
-1.243367311    3.743901582 -2.165908612
-1.449884007    4.31599297  -1.149391916
-1.537328647    4.55427065  -0.13287522
-1.600773286    4.720878735 0.883641476
-1.59311775 4.697047452 1.844646749
-1.561476274    4.602038664 2.559332162
-1.434063269    4.268224956 3.297869947
-1.299156415    3.887205624 3.750615114
-1.124281195    3.410625659 4.004745167
-0.934098418    2.878492091 4.155676626
-0.711599297    2.283043937 4.187311072
-0.496906854    1.687079086 4.155676626
-0.290384183    1.115514938 4.084112478
-0.100204218    0.591188049 3.933181019
0.082844288 0.091260105 3.679050967
0.027064112 -0.019902144    -3.563620387
-0.227067838    0.416618629 -3.43655536
-0.552752197    0.98831283  -3.563620387
-0.862397188    1.520667838 -3.738383128
-1.061015817    1.869676626 -3.817750439
-1.243595782    2.179876977 -3.690685413
-1.624790861    2.838558875 -2.92829877
-1.950478032    3.410769772 -2.165908612
-2.260119508    3.942601054 -1.149391916
-2.387188049    4.156977153 -0.13287522
-2.474572935    4.315711775 0.883641476
-2.458741652    4.292126538 1.844646749
-2.411040422    4.204639719 2.559332162
-2.228460457    3.894938489 3.297869947
-2.029838313    3.545413005 3.750615114
-1.775711775    3.101096661 4.004745167
-1.497725835    2.616393673 4.155676626
-1.180063269    2.06827065  4.187311072
-0.862397188    1.520667838 4.155676626
-0.552752197    0.98831283  4.084112478
-0.274771529    0.504130053 3.933181019
-0.004809877    0.043519859 3.679050967
-0.044467838    -0.067596485    -3.563620387
-0.370130053    0.321229174 -3.43655536
-0.790681898    0.821659051 -3.563620387
-1.187933216    1.290432337 -3.738383128
-1.449820738    1.599831283 -3.817750439
-1.67226362 1.878098418 -3.690685413
-2.164924429    2.457434095 -2.92829877
-2.593803163    2.965666081 -2.165908612
-2.982727592    3.434442882 -1.149391916
-3.141391916    3.624956063 -0.13287522
-3.260945518    3.760175747 0.883641476
-3.244608084    3.744358524 1.844646749
-3.181349736    3.664920914 2.559332162
-2.951096661    3.394471002 3.297869947
-2.688695958    3.085072056 3.750615114
-2.363546573    2.695725835 4.004745167
-1.997926186    2.266924429 4.155676626
-1.593188049    1.774516696 4.187311072
-1.187933216    1.290432337 4.155676626
-0.790681898    0.821659051 4.084112478
-0.433388401    0.39285413  3.933181019
-0.091912478    -0.012316696    3.679050967
-0.108155009    -0.131284359    -3.563620387
-0.496987698    0.194376801 -3.43655536
-0.99741652 0.614920914 -3.563620387
-1.466200351    1.012165202 -3.738383128
-1.775599297    1.274565905 -3.817750439
-2.053866432    1.496492091 -3.690685413
-2.633209139    1.989142355 -2.92829877
-3.14144464 2.418017575 -2.165908612
-3.610228471    2.806934974 -1.149391916
-3.800738137    2.966119508 -0.13287522
-3.935957821    3.085149385 0.883641476
-3.919613357    3.069335677 1.844646749
-3.840702988    3.005557118 2.559332162
-3.57026362 2.775304042 3.297869947
-3.26085413 2.513427065 3.750615114
-2.871504394    2.187764499 4.004745167
-2.442699473    1.822147627 4.155676626
-1.95028471 1.41741652  4.187311072
-1.466200351    1.012165202 4.155676626
-0.99741652 0.614920914 4.084112478
-0.568611599    0.257631986 3.933181019
-0.163434798    -0.083840422    3.679050967
-0.155848155    -0.21062355 -3.563620387
-0.592372583    0.043502636 -3.43655536
-1.164066784    0.376987698 -3.563620387
-1.696432337    0.678815466 -3.738383128
-2.045441125    0.885240773 -3.817750439
-2.355637961    1.060010545 -3.690685413
-3.014326889    1.441198594 -2.92829877
-3.586537786    1.774685413 -2.165908612
-4.118383128    2.076513181 -1.149391916
-4.332759227    2.203578207 -0.13287522
-4.491493849    2.298766257 0.883641476
-4.467908612    2.282938489 1.844646749
-4.380386643    2.235233743 2.559332162
-4.070720562    2.052667838 3.297869947
-3.721195079    1.854045694 3.750615114
-3.276864675    1.599922671 4.004745167
-2.792161687    1.314133568 4.155676626
-2.244035149    0.996478032 4.187311072
-1.696432337    0.678815466 4.155676626
-1.164066784    0.376987698 4.084112478
-0.679884007    0.099013357 3.933181019
-0.21927065 -0.170942707    3.679050967
-0.195371529    -0.290397891    -3.563620387
-0.671940246    -0.115525835    -3.43655536
-1.291265378    0.114620738 -3.563620387
-1.862836555    0.321133568 -3.738383128
-2.244400703    0.464362039 -3.817750439
-2.57768717 0.583441125 -3.690685413
-3.300344464    0.845230228 -2.92829877
-3.919683656    1.068087873 -2.165908612
-4.491775044    1.274084359 -1.149391916
-4.730052724    1.361518453 -0.13287522
-4.896695958    1.424963093 0.883641476
-4.872794376    1.417314587 1.844646749
-4.777820738    1.385673111 2.559332162
-4.44400703 1.25826362  3.297869947
-4.062952548    1.123360281 3.750615114
-3.586397188    0.948488576 4.004745167
-3.054249561    0.758316344 4.155676626
-2.458808436    0.535820738 4.187311072
-1.862836555    0.321133568 4.155676626
-1.291265378    0.114620738 4.084112478
-0.766942004    -0.075555009    3.933181019
-0.267012654    -0.258597891    3.679050967
-0.219342004    -0.36972935 -3.563620387
-0.719360281    -0.281995431    -3.43655536
-1.362773286    -0.170907909    -3.563620387
-1.966017575    -0.05979754 -3.738383128
-2.371135325    0.003519192 -3.817750439
-2.720467487    0.067381371 -3.690685413
-3.467114236    0.202364499 -2.92829877
-4.118347979    0.313450615 -2.165908612
-4.722108963    0.42456239  -1.149391916
-4.968189807    0.464523726 -0.13287522
-5.14288225 0.495933216 0.883641476
-5.11887522 0.496203866 1.844646749
-5.02400703 0.4723058   2.559332162
-4.666326889    0.416780316 3.297869947
-4.269525483    0.345130404 3.750615114
-3.768998243    0.257917399 4.004745167
-3.221005272    0.154594728 4.155676626
-2.593771529    0.043233743 4.187311072
-1.966017575    -0.05979754 4.155676626
-1.362773286    -0.170907909    4.084112478
-0.814783831    -0.266426362    3.933181019
-0.290779262    -0.3616942  3.679050967
-0.227063269    -0.456945518    -3.563620387
-0.735321617    -0.456952548    -3.43655536
-1.394495606    -0.456956063    -3.563620387
-2.005968366    -0.456959578    -3.738383128
-2.411012302    -0.456963093    -3.817750439
-2.768355009    -0.456966608    -3.690685413
-3.530755712    -0.456973638    -2.92829877
-4.189912127    -0.456977153    -2.165908612
-4.801405975    -0.456980668    -1.149391916
-5.055536028    -0.456984183    -0.13287522
-5.23029877 -0.456984183    0.883641476
-5.206432337    -0.456984183    1.844646749
-5.103233743    -0.456984183    2.559332162
-4.745869947    -0.456980668    3.297869947
-4.340843585    -0.456977153    3.750615114
-3.83258348 -0.456973638    4.004745167
-3.276615114    -0.456970123    4.155676626
-2.641289982    -0.456966608    4.187311072
-2.005968366    -0.456959578    4.155676626
-1.394495606    -0.456956063    4.084112478
-0.830727592    -0.456952548    3.933181019
-0.298617575    -0.456949033    3.679050967
-0.219340246    -0.544165202    -3.563620387
-0.719356766    -0.631905097    -3.43655536
-1.362766257    -0.743005272    -3.563620387
-1.96601406 -0.854123023    -3.738383128
-2.37112478 -0.917448155    -3.817750439
-2.720460457    -0.981314587    -3.690685413
-3.467103691    -1.1163058  -2.92829877
-4.11831283 -1.22740246 -2.165908612
-4.722073814    -1.338523726    -1.149391916
-4.968189807    -1.37797188 -0.13287522
-5.1428471  -1.409905097    0.883641476
-5.11887522 -1.410175747    1.844646749
-5.023936731    -1.38627768 2.559332162
-4.66629174 -1.330741652    3.297869947
-4.269525483    -1.259089631    3.750615114
-3.768998243    -1.171869947    4.004745167
-3.220994728    -1.068530756    4.155676626
-2.593768014    -0.957163445    4.187311072
-1.96601406 -0.854123023    4.155676626
-1.362766257    -0.743005272    4.084112478
-0.814776801    -0.647476274    3.933181019
-0.290779262    -0.552200351    3.679050967
-0.195368717    -0.623493849    -3.563620387
-0.671933216    -0.798376098    -3.43655536
-1.291261863    -1.028527241    -3.563620387
-1.862822496    -1.235054482    -3.738383128
-2.244390158    -1.378288225    -3.817750439
-2.577673111    -1.497374341    -3.690685413
-3.300323374    -1.759170475    -2.92829877
-3.919648506    -1.981521968    -2.165908612
-4.491739895    -2.188042179    -1.149391916
-4.730017575    -2.275486819    -0.13287522
-4.896625659    -2.338931459    0.883641476
-4.872759227    -2.331275923    1.844646749
-4.777785589    -2.299634446    2.559332162
-4.44397188 -2.172221441    3.297869947
-4.062917399    -2.037314587    3.750615114
-3.586362039    -1.862435852    4.004745167
-3.054235501    -1.672253076    4.155676626
-2.458790861    -1.449750439    4.187311072
-1.862822496    -1.235054482    4.155676626
-1.291261863    -1.028527241    4.084112478
-0.766934974    -0.838347979    3.933181019
-0.267007733    -0.655297012    3.679050967
-0.155843937    -0.711075571    -3.563620387
-0.592362039    -0.965212654    -3.43655536
-1.164056239    -1.290899824    -3.563620387
-1.696411248    -1.600544815    -3.738383128
-2.045420035    -1.799163445    -3.817750439
-2.355616872    -1.981743409    -3.690685413
-3.014302285    -2.362942004    -2.92829877
-3.586502636    -2.688632689    -2.165908612
-4.118347979    -2.99827768 -1.149391916
-4.332688928    -3.125339192    -0.13287522
-4.491458699    -3.212724077    0.883641476
-4.467873462    -3.196896309    1.844646749
-4.380351494    -3.149191564    2.559332162
-4.070685413    -2.966618629    3.297869947
-3.72115993 -2.76799297 3.750615114
-3.276836555    -2.513859402    4.004745167
-2.792137083    -2.235873462    4.155676626
-2.24401406 -1.918207381    4.187311072
-1.696411248    -1.600544815    4.155676626
-1.164056239    -1.290899824    4.084112478
-0.679876977    -1.012913884    3.933181019
-0.219266432    -0.742949033    3.679050967
-0.108149736    -0.782608084    -3.563620387
-0.496977153    -1.108274165    -3.43655536
-0.99740246 -1.528826011    -3.563620387
-1.466172232    -1.926080844    -3.738383128
-1.775567663    -2.187964851    -3.817750439
-2.053838313    -2.410414763    -3.690685413
-2.633173989    -2.903072056    -2.92829877
-3.14140246 -3.331957821    -2.165908612
-3.610193322    -3.720878735    -1.149391916
-3.800702988    -3.879543058    -0.13287522
-3.935922671    -3.999086116    0.883641476
-3.920105448    -3.982776801    1.844646749
-3.840667838    -3.919507909    2.559332162
-3.570193322    -3.689244288    3.297869947
-3.260808436    -3.426843585    3.750615114
-2.871462214    -3.10170123 4.004745167
-2.442664323    -2.736073814    4.155676626
-1.950256591    -2.331339192    4.187311072
-1.466172232    -1.926080844    4.155676626
-0.99740246 -1.528826011    4.084112478
-0.56859754 -1.171532513    3.933181019
-0.163428822    -0.830052724    3.679050967
-0.044461863    -0.846295255    -3.563620387
-0.370119508    -1.23512478 -3.43655536
-0.790660808    -1.735560633    -3.563620387
-1.187905097    -2.203824253    -3.738383128
-1.450309315    -2.513743409    -3.817750439
-1.672228471    -2.792010545    -3.690685413
-2.164878735    -3.371356766    -2.92829877
-2.593753954    -3.879613357    -2.165908612
-2.982667838    -4.348365554    -1.149391916
-3.141852373    -4.53887522 -0.13287522
-3.260878735    -4.674130053    0.883641476
-3.245068541    -4.657785589    1.844646749
-3.181289982    -4.578347979    2.559332162
-2.951036907    -4.308400703    3.297869947
-2.68915993 -3.999015817    3.750615114
-2.363500879    -3.609666081    4.004745167
-1.997887522    -3.18084007 4.155676626
-1.59315993 -2.688428822    4.187311072
-1.187905097    -2.203824253    4.155676626
-0.790660808    -1.735560633    4.084112478
-0.433377856    -1.306748682    3.933181019
-0.0919058  -0.901574692    3.679050967
0.034877469 -0.89398594 -3.563620387
-0.2192471  -1.330513181    -3.43655536
-0.552731107    -1.902207381    -3.563620387
-0.854558875    -2.434572935    -3.738383128
-1.060980668    -2.783585237    -3.817750439
-1.235746924    -3.093782074    -3.690685413
-1.616931459    -3.752478032    -2.92829877
-1.950418278    -4.324674868    -2.165908612
-2.252246046    -4.856520211    -1.149391916
-2.379311072    -5.070896309    -0.13287522
-2.474495606    -5.229630931    0.883641476
-2.458671353    -5.206080844    1.844646749
-2.410966608    -5.118558875    2.559332162
-2.228393673    -4.808857645    3.297869947
-2.029778559    -4.459332162    3.750615114
-1.775655536    -4.014481547    4.004745167
-1.489873462    -3.53029877 4.155676626
-1.172214411    -2.982182777    4.187311072
-0.854558875    -2.434572935    4.155676626
-0.552731107    -1.902207381    4.084112478
-0.274755712    -1.418024605    3.933181019
-0.004802355    -0.95740949 3.679050967
0.11465167  -0.933511424    -3.563620387
-0.060217926    -1.410077329    -3.43655536
-0.290358524    -2.02940949 -3.563620387
-0.49687522 -2.600977153    -3.738383128
-0.640098418    -2.982544815    -3.817750439
-0.759177504    -3.315831283    -3.690685413
-1.020966608    -4.038488576    -2.92829877
-1.243820738    -4.657820738    -2.165908612
-1.449813708    -5.229912127    -1.149391916
-1.537251318    -5.468189807    -0.13287522
-1.600692443    -5.63483304 0.883641476
-1.593040422    -5.610931459    1.844646749
-1.561398946    -5.515957821    2.559332162
-1.43399297 -5.182144112    3.297869947
-1.299089631    -4.801089631    3.750615114
-1.124221441    -4.324534271    4.004745167
-0.934049209    -3.792407733    4.155676626
-0.711560633    -3.196945518    4.187311072
-0.49687522 -2.600973638    4.155676626
-0.290358524    -2.02940949 4.084112478
-0.100188401    -1.505079086    3.933181019
0.082852373 -1.0051529  3.679050967
0.19398348  -0.957479789    -3.563620387
0.106250967 -1.457497364    -3.43655536
-0.004833462    -2.100910369    -3.563620387
-0.115941652    -2.704158172    -3.738383128
-0.179257293    -3.109272408    -3.817750439
-0.243113533    -3.458611599    -3.690685413
-0.378098418    -4.205237258    -2.92829877
-0.489184534    -4.856485062    -2.165908612
-0.600288225    -5.460246046    -1.149391916
-0.640253076    -5.706362039    -0.13287522
-0.671659051    -5.881019332    0.883641476
-0.671933216    -5.857012302    1.844646749
-0.648038664    -5.762144112    2.559332162
-0.592506151    -5.404463972    3.297869947
-0.520864675    -5.007662566    3.750615114
-0.433648506    -4.507135325    4.004745167
-0.330326889    -3.959156415    4.155676626
-0.218970826    -3.331915641    4.187311072
-0.115941652    -2.704158172    4.155676626
-0.004833462    -2.100910369    4.084112478
0.09068225  -1.552920914    3.933181019
0.185949736 -1.028917399    3.679050967
0.281201054 -0.965202109    -3.563620387
0.28120703  -1.473458699    -3.43655536
0.281214411 -2.132636204    -3.563620387
0.281221441 -2.744105448    -3.738383128
0.281225659 -3.1491529  -3.817750439
0.281229877 -3.506495606    -3.690685413
0.281238664 -4.268892794    -2.92829877
0.281246046 -4.928049209    -2.165908612
0.281253076 -5.539543058    -1.149391916
0.281256239 -5.793673111    -0.13287522
0.281258348 -5.968435852    0.883641476
0.281257996 -5.94456942 1.844646749
0.281256591 -5.841370826    2.559332162
0.281252373 -5.48400703 3.297869947
0.281248155 -5.078980668    3.750615114
0.281242179 -4.570720562    4.004745167
0.281235852 -4.014762742    4.155676626
0.281228471 -3.37943058 4.187311072
0.281221441 -2.744105448    4.155676626
0.281214411 -2.132636204    4.084112478
0.281208084 -1.568864675    3.933181019
0.281201406 -1.036755712    3.679050967
0.368418278 -0.957479789    -3.563620387
0.456161687 -1.457493849    -3.43655536
0.567261863 -2.100903339    -3.563620387
0.678383128 -2.704151142    -3.738383128
0.74170826  -3.109261863    -3.817750439
0.805574692 -3.458594025    -3.690685413
0.940572935 -4.205237258    -2.92829877
1.051676626 -4.856449912    -2.165908612
1.162794376 -5.460210896    -1.149391916
1.202242531 -5.706362039    -0.13287522
1.234175747 -5.880984183    0.883641476
1.233929701 -5.857012302    1.844646749
1.210544815 -5.762073814    2.559332162
1.155008787 -5.404428822    3.297869947
1.083360281 -5.007662566    3.750615114
0.996137083 -4.507135325    4.004745167
0.892797891 -3.959121265    4.155676626
0.781427065 -3.331898067    4.187311072
0.678383128 -2.704151142    4.155676626
0.567261863 -2.100903339    4.084112478
0.471732865 -1.552917399    3.933181019
0.376453427 -1.028917399    3.679050967
0.447750439 -0.933507909    -3.563620387
0.622629174 -1.410073814    -3.43655536
0.852783831 -2.029395431    -3.563620387
1.059311072 -2.600959578    -3.738383128
1.202551845 -2.982523726    -3.817750439
1.321634446 -3.315803163    -3.690685413
1.58343761  -4.038453427    -2.92829877
1.805789104 -4.657785589    -2.165908612
2.012316344 -5.229876977    -1.149391916
2.099753954 -5.468154657    -0.13287522
2.163198594 -5.634762742    0.883641476
2.155550088 -5.610896309    1.844646749
2.123384886 -5.515922671    2.559332162
1.996488576 -5.182108963    3.297869947
1.861581722 -4.801054482    3.750615114
1.686702988 -4.324499121    4.004745167
1.495996485 -3.792372583    4.155676626
1.274010545 -3.196924429    4.187311072
1.059311072 -2.600959578    4.155676626
0.852783831 -2.029395431    4.084112478
0.662604569 -1.505068541    3.933181019
0.479550088 -1.00514587 3.679050967
0.535328647 -0.893982425    -3.563620387
0.789465729 -1.330502636    -3.43655536
1.115156415 -1.902189807    -3.563620387
1.424801406 -2.43454833 -3.738383128
1.623427065 -2.784073814    -3.817750439
1.80600703  -3.093746924    -3.690685413
2.187205624 -3.752442882    -2.92829877
2.512899824 -4.324639719    -2.165908612
2.822544815 -4.856485062    -1.149391916
2.949613357 -5.070826011    -0.13287522
3.036998243 -5.229560633    0.883641476
3.02116696  -5.206010545    1.844646749
2.973465729 -5.118488576    2.559332162
2.790885764 -4.808822496    3.297869947
2.592260105 -4.459297012    3.750615114
2.338126538 -4.014973638    4.004745167
2.060140598 -3.53026362 4.155676626
1.742467487 -2.982147627    4.187311072
1.424801406 -2.43454833 4.155676626
1.115156415 -1.902189807    4.084112478
0.83716696  -1.418010545    3.933181019
0.567205624 -0.95740246 3.679050967
0.60686116  -0.846288225    -3.563620387
0.932530756 -1.235110721    -3.43655536
1.353082601 -1.735536028    -3.563620387
1.750337434 -2.2043058  -3.738383128
2.012224956 -2.51370123 -3.817750439
2.234674868 -2.79197188 -3.690685413
2.727335677 -3.371300527    -2.92829877
3.156221441 -3.879543058    -2.165908612
3.54513181  -4.348295255    -1.149391916
3.703831283 -4.538804921    -0.13287522
3.823374341 -4.674024605    0.883641476
3.807029877 -4.658207381    1.844646749
3.743760984 -4.578769772    2.559332162
3.513518453 -4.308330404    3.297869947
3.251110721 -3.998945518    3.750615114
2.925961336 -3.609595782    4.004745167
2.560337434 -3.180790861    4.155676626
2.155599297 -2.688386643    4.187311072
1.750337434 -2.2043058  4.155676626
1.353082601 -1.735536028    4.084112478
0.995789104 -1.306734622    3.933181019
0.6543058   -0.901567663    3.679050967
0.67054833  -0.78259754 -3.563620387
1.059381371 -1.108253076    -3.43655536
1.559817223 -1.528794376    -3.563620387
2.028080844 -1.926038664    -3.738383128
2.338   -2.188435852    -3.817750439
2.615753954 -2.410358524    -3.690685413
3.195616872 -2.903008787    -2.92829877
3.703866432 -3.331876977    -2.165908612
4.172653779 -3.720773286    -1.149391916
4.363163445 -3.879964851    -0.13287522
4.498383128 -3.999015817    0.883641476
4.482038664 -3.983198594    1.844646749
4.402601054 -3.91940246 2.559332162
4.132653779 -3.689173989    3.297869947
3.823268893 -3.427282953    3.750615114
3.433912127 -3.101630931    4.004745167
3.005103691 -2.73601406 4.155676626
2.512692443 -2.331286467    4.187311072
2.028080844 -1.926038664    4.155676626
1.559817223 -1.528794376    4.084112478
1.131008787 -1.171511424    3.933181019
0.725827768 -0.830042179    3.679050967
0.717718805 -0.703258348    -3.563620387
1.154762742 -0.957381371    -3.43655536
1.726467487 -1.290864675    -3.563620387
2.25883304  -1.592688928    -3.738383128
2.607841828 -1.799114236    -3.817750439
2.918045694 -1.973876977    -3.690685413
3.576731107 -2.355061511    -2.92829877
4.148963093 -2.688541301    -2.165908612
4.680808436 -2.990369069    -1.149391916
4.895149385 -3.117427065    -0.13287522
5.053884007 -3.212618629    0.883641476
5.030333919 -3.196787346    1.844646749
4.942811951 -3.149086116    2.559332162
4.63314587  -2.966516696    3.297869947
4.283620387 -2.767901582    3.750615114
3.838734622 -2.513778559    4.004745167
3.35456942  -2.227996485    4.155676626
2.806439367 -1.910344464    4.187311072
2.25883304  -1.592685413    4.155676626
1.726467487 -1.290864675    4.084112478
1.24227768  -1.012889279    3.933181019
0.781662566 -0.742938489    3.679050967
0.757764499 -0.623483304    -3.563620387
1.234333919 -0.798351494    -3.43655536
1.853662566 -1.028492091    -3.563620387
2.425233743 -1.235005272    -3.738383128
2.806801406 -1.378228471    -3.817750439
3.140087873 -1.497307557    -3.690685413
3.862741652 -1.759609842    -2.92829877
4.482073814 -1.981943761    -2.165908612
5.054165202 -2.188453427    -1.149391916
5.292442882 -2.275367311    -0.13287522
5.459086116 -2.339328647    0.883641476
5.435184534 -2.33115993 1.844646749
5.340210896 -2.299518453    2.559332162
5.006397188 -2.172108963    3.297869947
4.625342707 -2.037212654    3.750615114
4.148787346 -1.862344464    4.004745167
3.616660808 -1.672179262    4.155676626
3.021202109 -1.44968717 4.187311072
2.425233743 -1.235005272    4.155676626
1.853662566 -1.028492091    4.084112478
1.329332162 -0.838323374    3.933181019
0.82940246  -0.655282953    3.679050967
0.781732865 -0.544151142    -3.563620387
1.281750439 -0.631884007    -3.43655536
1.925163445 -0.742966608    -3.563620387
2.528414763 -0.854070299    -3.738383128
2.933525483 -0.917384886    -3.817750439
3.28286116  -0.981240773    -3.690685413
4.029525483 -1.116221441    -2.92829877
4.680738137 -1.227300527    -2.165908612
5.284499121 -1.338407733    -1.149391916
5.530579965 -1.378369069    -0.13287522
5.705272408 -1.409778559    0.883641476
5.681300527 -1.410049209    1.844646749
5.586397188 -1.386151142    2.559332162
5.228717047 -1.330625659    3.297869947
4.831915641 -1.258980668    3.750615114
4.331388401 -1.171771529    4.004745167
3.78340949  -1.068449912    4.155676626
3.156168717 -0.957096661    4.187311072
2.528414763 -0.854070299    4.155676626
1.925163445 -0.742966608    4.084112478
1.377173989 -0.64745167 3.933181019
0.853170475 -0.552186292    3.679050967
0.455961336 -0.456942004    3.170804921
0.535325132 -0.456942004    3.933181019
0.686239016 -0.456942004    4.695571178
0.447820738 -0.41714587 3.170804921
0.519377856 -0.393251318    3.933181019
0.6703058   -0.353785589    4.695571178
0.432130053 -0.369560633    3.170804921
0.495553603 -0.329878032    3.933181019
0.630724077 -0.258323374    4.695571178
0.400217926 -0.337920914    3.170804921
0.45568717  -0.282450967    3.933181019
0.56714587  -0.170989807    4.695571178
0.368579965 -0.306007733    3.170804921
0.400453427 -0.242585589    3.933181019
0.479813708 -0.107413005    4.695571178
0.320990158 -0.290318453    3.170804921
0.344885764 -0.218759227    3.933181019
0.384351494 -0.067834095    4.695571178
0.281194376 -0.282175395    3.170804921
0.281194025 -0.20281406 3.933181019
0.281193322 -0.051897715    4.695571178
0.241398243 -0.290318453    3.170804921
0.217502285 -0.21875993 3.933181019
0.178037258 -0.067834446    4.695571178
0.193810193 -0.306008436    3.170804921
0.15412935  -0.242586643    3.933181019
0.082573989 -0.107414763    4.695571178
0.162172935 -0.337921968    3.170804921
0.106702285 -0.282452373    3.933181019
-0.004759438    -0.170991916    4.695571178
0.130259754 -0.369560633    3.170804921
0.066837258 -0.33768717 3.933181019
-0.068335325    -0.258325835    4.695571178
0.114570123 -0.417149385    3.170804921
0.043010896 -0.393254833    3.933181019
-0.107914236    -0.353789104    4.695571178
0.106427417 -0.456945518    3.170804921
0.027065729 -0.456945518    3.933181019
-0.123849912    -0.456945518    4.695571178
0.114571178 -0.496741652    3.170804921
0.043011599 -0.520636204    3.933181019
-0.107912478    -0.560101933    4.695571178
0.13026116  -0.544326889    3.170804921
0.066839016 -0.584010545    3.933181019
-0.068332162    -0.655564148    4.695571178
0.162174341 -0.575964851    3.170804921
0.106704745 -0.63143761 3.933181019
-0.004754622    -0.742899824    4.695571178
0.193813005 -0.607880492    3.170804921
0.161939543 -0.671300527    3.933181019
0.082579262 -0.806474517    4.695571178
0.241401054 -0.623567663    3.170804921
0.217506151 -0.695128295    3.933181019
0.178043585 -0.846052724    4.695571178
0.281197188 -0.631711775    3.170804921
0.281197891 -0.711072056    3.933181019
0.281199297 -0.861989455    4.695571178
0.32099297  -0.623567663    3.170804921
0.344889279 -0.69512478 3.933181019
0.384355009 -0.846049209    4.695571178
0.368579965 -0.607876977    3.170804921
0.40826362  -0.671300527    3.933181019
0.479817223 -0.806471002    4.695571178
0.400217926 -0.575961336    3.170804921
0.455690685 -0.631434095    3.933181019
0.5671529   -0.742892794    4.695571178
0.432130053 -0.544323374    3.170804921
0.495553603 -0.576196837    3.933181019
0.630727592 -0.655557118    4.695571178
0.447820738 -0.496738137    3.170804921
0.519381371 -0.520632689    3.933181019
0.6703058   -0.560094903    4.695571178
0.686239016 -0.456942004    4.695571178
0.281195079 -0.456942004    4.536871705
0.6703058   -0.353785589    4.695571178
0.630724077 -0.258323374    4.695571178
0.56714587  -0.170989807    4.695571178
0.479813708 -0.107413005    4.695571178
0.384351494 -0.067834095    4.695571178
0.281193322 -0.051897715    4.695571178
0.178037258 -0.067834446    4.695571178
0.082573989 -0.107414763    4.695571178
-0.004759438    -0.170991916    4.695571178
-0.068335325    -0.258325835    4.695571178
-0.107914236    -0.353789104    4.695571178
-0.123849912    -0.456945518    4.695571178
-0.107912478    -0.560101933    4.695571178
-0.068332162    -0.655564148    4.695571178
-0.004754622    -0.742899824    4.695571178
0.082579262 -0.806474517    4.695571178
0.178043585 -0.846052724    4.695571178
0.281199297 -0.861989455    4.695571178
0.384355009 -0.846049209    4.695571178
0.479817223 -0.806471002    4.695571178
0.5671529   -0.742892794    4.695571178
0.630727592 -0.655557118    4.695571178

