-0.00357203 -2.35365 -1.60125 -0.00357203 -2.01317 -4.88359
   -0.00357203 -2.92820978 0.217439 1.9072901 -1.37580013 3.78378987
   1.3019 -2.67236 2.98845 1.9072901 0.100846 3.78378987 0.215367988
   2.17461014 -5.1172 0.299628019 2.07248 -0.999594033 0.292682
   2.22545 -2.75104 0.768803 1.21009 -1.3791 0.359848 1.7055 -0.40928
   0.299468 -1.52925 -3.42159986 0.25316 0.079986 -6.71613 1.12137
   0.486489 -3.34468 1.77080011 0.141305 -0.01149 1.1094 1.49864006
   2.98845 0.221919 -1.10187006 -5.90456 0.936803 -2.2453 0.26899
   1.13404 -0.498528 -3.16654 0.652844 1.12329 -3.45801 1.77080011
   -1.20885 0.17739 0.936803 1.4443301 -0.331753016 -0.00357203
   -3.35018015 2.98845 -0.00357203 1.58995008 -7.42002 -0.00357203
   0.079986304 -7.42002 -0.00357203 2.31668 -5.08839035 -0.00357203
   -1.50077 -7.32558 -0.00357203 1.83546007 2.98845 -0.00357203
   2.32012 -2.75104 1.9072901 0.489168018 4.95135 1.1094 1.49864006
   4.95135 1.3019 -2.67236 4.95135 1.9072901 -0.987481 4.95135 1.65251
   0.336246 5.67519 0.961008 1.21112 5.67519 -0.00357203 1.50303006
   5.67519 -0.00357203 -2.99119 5.67519 1.12784 -2.40374 5.67519
   1.65251 -0.943517 5.67519 1.58169007 0.203713 5.67519 0.832397
   0.96193403 5.67519 -0.00357203 1.21492994 5.67519 -0.00357203
   -2.68007016 5.67519 0.976983 -2.17095 5.67519 1.58169007
   -0.905414939 5.67519 1.58169007 0.203713 4.84629 0.832397
   0.96193403 4.84629 -0.00357203 1.21492994 4.84629 0.976983 -2.17095
   4.84629 1.58169007 -0.905414939 4.84629 2.32021 -0.969884038
   1.47736 2.22564 -0.120031 1.35774 2.41484 -0.124758 3.2577 2.51828
   -1.05423 3.2577 2.21675 -0.537317 -1.4475 5.47234 0.11391 1.35774
   5.66079044 0.115894 3.2577 5.73698 -0.568671 3.2577 5.45139027
   -0.195028 -0.723814964 5.542 -0.512014 1.47736 8.7323494 0.322361
   1.8891 8.83911 0.323485 2.9654 8.88225937 -0.0643099 2.9654
   8.7204895 0.147353 0.957062 8.77181 -0.0322145 1.95687 9.56323051
   0.235341012 1.92298 9.63222 0.286616 2.64585 1.43323 0.162689
   -4.33251 0.684487 0.0718598 -6.42478 1.42247009 0.417387
   -4.48392963 3.79652 0.694599032 -5.6680603 3.7455 0.944136
   -5.6680603 4.05166 0.746760964 -5.87722 3.43995 0.918101966
   -9.08647 4.00064 0.996297956 -5.87722 4.20699024 -1.31311
   -5.6680603 3.95159984 -1.00331 -9.08647 4.46883 -1.29374993
   -5.87722 3.308 2.14471 -9.08647 3.44344 2.42162013 -5.6680603
   3.69364 2.49793 -5.87722 3.49638987 0.907799959 -8.34104
   -0.943946958 1.4443301 -0.331752 -1.77793992 0.141305 -0.01149
   -1.12851 0.486489 -3.34468 -0.659988 1.12329 -3.45801 -0.775947
   1.21009 -1.3791 -0.260305 0.079986 -6.71613 -0.222512 2.17461014
   -5.1172 -0.943946958 -2.2453 0.26899 -1.30905008 -2.67236 2.98845
   -0.00357203 1.73965 -0.160962015 -1.11655 1.49864006 2.98845
   -0.366992 1.7055 -0.40928 -0.306611 -1.52925 -3.42159986 -1.14118
   -0.498528 -3.16654 -1.77793992 -1.20885 0.177391008 -0.29982698
   2.22544 -2.75104 -0.229063 -1.10187006 -5.90456 -0.306772 2.07248
   -0.999594033 -0.00357203 2.16146016 -0.919061959 -1.9144299
   0.100846 3.78378987 -1.9144299 -1.37580013 3.78378987 -8.7395
   0.322361 1.8891 -9.57037 0.235341012 1.92298 -8.84625053 0.323485
   2.9654 -9.63935947 0.286615 2.64585 -3.46372 0.918103 -9.05359077
   -4.0588 0.746760964 -5.87722 -4.00779 0.996299 -6.02235031 -2.22389
   -0.537316 -1.4475 -1.11655 1.49864006 4.95135 -1.9144299
   0.489168018 4.95135 -0.00357203 1.83546007 4.95135 -1.30905008
   -2.67236 4.95135 -0.00357203 -3.35018015 4.95135 -1.9144299
   -0.987481 4.95135 -0.968152 1.21112 5.67519 -1.65965009 0.336246
   5.67519 -1.13498 -2.40374 5.67519 -1.65965009 -0.943517 5.67519
   -0.839541 0.96193403 5.67519 -1.43884 0.203713 5.67519 -0.984127
   -2.17095 5.67519 -1.43884 -0.905414939 5.67519 -0.839541 0.96193403
   4.84629 -1.43884 0.203713 4.84629 -0.984127 -2.17095 4.84629
   -0.00357203 -2.68007016 4.84629 -1.43884 -0.905414939 4.84629
   -2.23278 -0.120031 1.35774 -2.42198014 -0.124758 3.2577 -2.52542
   -1.05423 3.2577 -2.32736015 -0.969882965 1.47736 -8.72763 0.147353
   0.957062 -5.66793966 0.115894 3.2577 -5.47948 0.11391 1.35774
   -5.74411964 -0.568671 3.2577 -5.54914 -0.512014 1.47736 -5.45854
   -0.195028 -0.723814964 -8.88941 -0.0643099 2.9654 -8.77895
   -0.032214798 1.95687 -0.69163 0.0718598 -6.42478 -1.4403801
   0.162689 -4.33251 -1.42961 0.417387 -4.48392963 -3.75265 0.944137
   -5.8132 -3.50353 0.907801032 -8.34105 -3.80366 0.694599032
   -5.6680603 -4.21413 -1.31311 -6.58428 -3.97537 -1.00331 -8.82239
   -4.47598028 -1.29374993 -6.91307 -3.33177 2.14471 -8.77766 -3.45058
   2.42162013 -6.63245964 -3.70078 2.49793 -6.95961
